NUTS2_code,process,hour,load
CZ01,Heating Tertiary,1,317.881
CZ01,Heating Tertiary,2,326.33
CZ01,Heating Tertiary,3,329.689
CZ01,Heating Tertiary,4,324.64099999999996
CZ01,Heating Tertiary,5,308.1090000000001
CZ01,Heating Tertiary,6,281.048
CZ01,Heating Tertiary,7,248.46099999999998
CZ01,Heating Tertiary,8,217.422
CZ01,Heating Tertiary,9,193.234
CZ01,Heating Tertiary,10,176.648
CZ01,Heating Tertiary,11,163.96099999999996
CZ01,Heating Tertiary,12,153.95
CZ01,Heating Tertiary,13,148.374
CZ01,Heating Tertiary,14,145.83100000000005
CZ01,Heating Tertiary,15,144.786
CZ01,Heating Tertiary,16,142.898
CZ01,Heating Tertiary,17,142.094
CZ01,Heating Tertiary,18,144.232
CZ01,Heating Tertiary,19,152.66899999999995
CZ01,Heating Tertiary,20,170.796
CZ01,Heating Tertiary,21,198.30900000000003
CZ01,Heating Tertiary,22,233.09400000000002
CZ01,Heating Tertiary,23,269.362
CZ01,Heating Tertiary,24,299.143
CZ01,Heating Tertiary,25,308.983
CZ01,Heating Tertiary,26,317.56
CZ01,Heating Tertiary,27,322.518
CZ01,Heating Tertiary,28,318.915
CZ01,Heating Tertiary,29,302.634
CZ01,Heating Tertiary,30,275.334
CZ01,Heating Tertiary,31,242.615
CZ01,Heating Tertiary,32,210.72400000000002
CZ01,Heating Tertiary,33,184.924
CZ01,Heating Tertiary,34,166.502
CZ01,Heating Tertiary,35,153.018
CZ01,Heating Tertiary,36,143.314
CZ01,Heating Tertiary,37,138.79399999999998
CZ01,Heating Tertiary,38,139.141
CZ01,Heating Tertiary,39,141.10399999999996
CZ01,Heating Tertiary,40,141.793
CZ01,Heating Tertiary,41,141.613
CZ01,Heating Tertiary,42,143.036
CZ01,Heating Tertiary,43,150.629
CZ01,Heating Tertiary,44,169.34400000000005
CZ01,Heating Tertiary,45,199.112
CZ01,Heating Tertiary,46,235.86900000000003
CZ01,Heating Tertiary,47,269.54
CZ01,Heating Tertiary,48,294.621
CZ01,Heating Tertiary,49,357.86300000000006
CZ01,Heating Tertiary,50,367.375
CZ01,Heating Tertiary,51,371.157
CZ01,Heating Tertiary,52,365.473
CZ01,Heating Tertiary,53,346.86199999999997
CZ01,Heating Tertiary,54,316.397
CZ01,Heating Tertiary,55,279.712
CZ01,Heating Tertiary,56,244.769
CZ01,Heating Tertiary,57,217.53799999999998
CZ01,Heating Tertiary,58,198.86599999999999
CZ01,Heating Tertiary,59,184.583
CZ01,Heating Tertiary,60,173.313
CZ01,Heating Tertiary,61,167.03599999999997
CZ01,Heating Tertiary,62,164.172
CZ01,Heating Tertiary,63,162.996
CZ01,Heating Tertiary,64,160.872
CZ01,Heating Tertiary,65,159.966
CZ01,Heating Tertiary,66,162.372
CZ01,Heating Tertiary,67,171.87099999999995
CZ01,Heating Tertiary,68,192.278
CZ01,Heating Tertiary,69,223.25099999999998
CZ01,Heating Tertiary,70,262.41200000000003
CZ01,Heating Tertiary,71,303.241
CZ01,Heating Tertiary,72,336.76800000000014
CZ01,Heating Tertiary,73,335.1
CZ01,Heating Tertiary,74,352.481
CZ01,Heating Tertiary,75,361.45099999999996
CZ01,Heating Tertiary,76,365.267
CZ01,Heating Tertiary,77,359.645
CZ01,Heating Tertiary,78,339.44699999999995
CZ01,Heating Tertiary,79,306.7390000000001
CZ01,Heating Tertiary,80,268.502
CZ01,Heating Tertiary,81,233.827
CZ01,Heating Tertiary,82,206.74900000000002
CZ01,Heating Tertiary,83,188.077
CZ01,Heating Tertiary,84,174.063
CZ01,Heating Tertiary,85,164.483
CZ01,Heating Tertiary,86,160.028
CZ01,Heating Tertiary,87,160.055
CZ01,Heating Tertiary,88,161.797
CZ01,Heating Tertiary,89,162.363
CZ01,Heating Tertiary,90,163.123
CZ01,Heating Tertiary,91,166.637
CZ01,Heating Tertiary,92,177.419
CZ01,Heating Tertiary,93,199.00799999999998
CZ01,Heating Tertiary,94,231.317
CZ01,Heating Tertiary,95,269.767
CZ01,Heating Tertiary,96,306.513
CZ01,Heating Tertiary,97,398.62300000000016
CZ01,Heating Tertiary,98,419.29900000000004
CZ01,Heating Tertiary,99,429.97
CZ01,Heating Tertiary,100,434.51
CZ01,Heating Tertiary,101,427.82199999999995
CZ01,Heating Tertiary,102,403.79400000000004
CZ01,Heating Tertiary,103,364.88599999999997
CZ01,Heating Tertiary,104,319.4
CZ01,Heating Tertiary,105,278.152
CZ01,Heating Tertiary,106,245.942
CZ01,Heating Tertiary,107,223.73
CZ01,Heating Tertiary,108,207.05900000000003
CZ01,Heating Tertiary,109,195.66299999999998
CZ01,Heating Tertiary,110,190.364
CZ01,Heating Tertiary,111,190.396
CZ01,Heating Tertiary,112,192.46900000000002
CZ01,Heating Tertiary,113,193.142
CZ01,Heating Tertiary,114,194.045
CZ01,Heating Tertiary,115,198.225
CZ01,Heating Tertiary,116,211.05200000000002
CZ01,Heating Tertiary,117,236.733
CZ01,Heating Tertiary,118,275.16700000000003
CZ01,Heating Tertiary,119,320.906
CZ01,Heating Tertiary,120,364.61699999999996
CZ01,Heating Tertiary,121,335.1
CZ01,Heating Tertiary,122,352.481
CZ01,Heating Tertiary,123,361.45099999999996
CZ01,Heating Tertiary,124,365.267
CZ01,Heating Tertiary,125,359.645
CZ01,Heating Tertiary,126,339.44699999999995
CZ01,Heating Tertiary,127,306.7390000000001
CZ01,Heating Tertiary,128,268.502
CZ01,Heating Tertiary,129,233.827
CZ01,Heating Tertiary,130,206.74900000000002
CZ01,Heating Tertiary,131,188.077
CZ01,Heating Tertiary,132,174.063
CZ01,Heating Tertiary,133,164.483
CZ01,Heating Tertiary,134,160.028
CZ01,Heating Tertiary,135,160.055
CZ01,Heating Tertiary,136,161.797
CZ01,Heating Tertiary,137,162.363
CZ01,Heating Tertiary,138,163.123
CZ01,Heating Tertiary,139,166.637
CZ01,Heating Tertiary,140,177.419
CZ01,Heating Tertiary,141,199.00799999999998
CZ01,Heating Tertiary,142,231.317
CZ01,Heating Tertiary,143,269.767
CZ01,Heating Tertiary,144,306.513
CZ01,Heating Tertiary,145,355.84
CZ01,Heating Tertiary,146,374.29699999999997
CZ01,Heating Tertiary,147,383.82199999999995
CZ01,Heating Tertiary,148,387.875
CZ01,Heating Tertiary,149,381.905
CZ01,Heating Tertiary,150,360.45599999999996
CZ01,Heating Tertiary,151,325.724
CZ01,Heating Tertiary,152,285.119
CZ01,Heating Tertiary,153,248.299
CZ01,Heating Tertiary,154,219.545
CZ01,Heating Tertiary,155,199.718
CZ01,Heating Tertiary,156,184.83599999999998
CZ01,Heating Tertiary,157,174.66299999999995
CZ01,Heating Tertiary,158,169.933
CZ01,Heating Tertiary,159,169.96099999999996
CZ01,Heating Tertiary,160,171.81099999999995
CZ01,Heating Tertiary,161,172.412
CZ01,Heating Tertiary,162,173.21900000000005
CZ01,Heating Tertiary,163,176.95
CZ01,Heating Tertiary,164,188.4
CZ01,Heating Tertiary,165,211.325
CZ01,Heating Tertiary,166,245.63400000000001
CZ01,Heating Tertiary,167,286.464
CZ01,Heating Tertiary,168,325.483
CZ01,Heating Tertiary,169,377.014
CZ01,Heating Tertiary,170,396.57
CZ01,Heating Tertiary,171,406.662
CZ01,Heating Tertiary,172,410.955
CZ01,Heating Tertiary,173,404.63
CZ01,Heating Tertiary,174,381.905
CZ01,Heating Tertiary,175,345.106
CZ01,Heating Tertiary,176,302.086
CZ01,Heating Tertiary,177,263.074
CZ01,Heating Tertiary,178,232.61
CZ01,Heating Tertiary,179,211.602
CZ01,Heating Tertiary,180,195.835
CZ01,Heating Tertiary,181,185.05700000000002
CZ01,Heating Tertiary,182,180.045
CZ01,Heating Tertiary,183,180.075
CZ01,Heating Tertiary,184,182.035
CZ01,Heating Tertiary,185,182.672
CZ01,Heating Tertiary,186,183.52599999999998
CZ01,Heating Tertiary,187,187.48
CZ01,Heating Tertiary,188,199.611
CZ01,Heating Tertiary,189,223.9
CZ01,Heating Tertiary,190,260.251
CZ01,Heating Tertiary,191,303.509
CZ01,Heating Tertiary,192,344.851
CZ01,Heating Tertiary,193,393.065
CZ01,Heating Tertiary,194,403.977
CZ01,Heating Tertiary,195,410.284
CZ01,Heating Tertiary,196,405.70099999999996
CZ01,Heating Tertiary,197,384.98900000000003
CZ01,Heating Tertiary,198,350.26
CZ01,Heating Tertiary,199,308.638
CZ01,Heating Tertiary,200,268.067
CZ01,Heating Tertiary,201,235.247
CZ01,Heating Tertiary,202,211.81099999999998
CZ01,Heating Tertiary,203,194.658
CZ01,Heating Tertiary,204,182.31400000000002
CZ01,Heating Tertiary,205,176.563
CZ01,Heating Tertiary,206,177.005
CZ01,Heating Tertiary,207,179.502
CZ01,Heating Tertiary,208,180.37900000000002
CZ01,Heating Tertiary,209,180.15
CZ01,Heating Tertiary,210,181.96
CZ01,Heating Tertiary,211,191.61900000000003
CZ01,Heating Tertiary,212,215.42700000000002
CZ01,Heating Tertiary,213,253.295
CZ01,Heating Tertiary,214,300.055
CZ01,Heating Tertiary,215,342.89
CZ01,Heating Tertiary,216,374.796
CZ01,Heating Tertiary,217,404.385
CZ01,Heating Tertiary,218,415.13300000000004
CZ01,Heating Tertiary,219,419.407
CZ01,Heating Tertiary,220,412.985
CZ01,Heating Tertiary,221,391.954
CZ01,Heating Tertiary,222,357.529
CZ01,Heating Tertiary,223,316.075
CZ01,Heating Tertiary,224,276.58799999999997
CZ01,Heating Tertiary,225,245.81900000000002
CZ01,Heating Tertiary,226,224.72
CZ01,Heating Tertiary,227,208.578
CZ01,Heating Tertiary,228,195.843
CZ01,Heating Tertiary,229,188.75099999999998
CZ01,Heating Tertiary,230,185.515
CZ01,Heating Tertiary,231,184.18599999999998
CZ01,Heating Tertiary,232,181.78599999999997
CZ01,Heating Tertiary,233,180.761
CZ01,Heating Tertiary,234,183.481
CZ01,Heating Tertiary,235,194.215
CZ01,Heating Tertiary,236,217.274
CZ01,Heating Tertiary,237,252.274
CZ01,Heating Tertiary,238,296.525
CZ01,Heating Tertiary,239,342.662
CZ01,Heating Tertiary,240,380.548
CZ01,Heating Tertiary,241,335.1
CZ01,Heating Tertiary,242,352.481
CZ01,Heating Tertiary,243,361.45099999999996
CZ01,Heating Tertiary,244,365.267
CZ01,Heating Tertiary,245,359.645
CZ01,Heating Tertiary,246,339.44699999999995
CZ01,Heating Tertiary,247,306.7390000000001
CZ01,Heating Tertiary,248,268.502
CZ01,Heating Tertiary,249,233.827
CZ01,Heating Tertiary,250,206.74900000000002
CZ01,Heating Tertiary,251,188.077
CZ01,Heating Tertiary,252,174.063
CZ01,Heating Tertiary,253,164.483
CZ01,Heating Tertiary,254,160.028
CZ01,Heating Tertiary,255,160.055
CZ01,Heating Tertiary,256,161.797
CZ01,Heating Tertiary,257,162.363
CZ01,Heating Tertiary,258,163.123
CZ01,Heating Tertiary,259,166.637
CZ01,Heating Tertiary,260,177.419
CZ01,Heating Tertiary,261,199.00799999999998
CZ01,Heating Tertiary,262,231.317
CZ01,Heating Tertiary,263,269.767
CZ01,Heating Tertiary,264,306.513
CZ01,Heating Tertiary,265,398.62300000000016
CZ01,Heating Tertiary,266,419.29900000000004
CZ01,Heating Tertiary,267,429.97
CZ01,Heating Tertiary,268,434.51
CZ01,Heating Tertiary,269,427.82199999999995
CZ01,Heating Tertiary,270,403.79400000000004
CZ01,Heating Tertiary,271,364.88599999999997
CZ01,Heating Tertiary,272,319.4
CZ01,Heating Tertiary,273,278.152
CZ01,Heating Tertiary,274,245.942
CZ01,Heating Tertiary,275,223.73
CZ01,Heating Tertiary,276,207.05900000000003
CZ01,Heating Tertiary,277,195.66299999999998
CZ01,Heating Tertiary,278,190.364
CZ01,Heating Tertiary,279,190.396
CZ01,Heating Tertiary,280,192.46900000000002
CZ01,Heating Tertiary,281,193.142
CZ01,Heating Tertiary,282,194.045
CZ01,Heating Tertiary,283,198.225
CZ01,Heating Tertiary,284,211.05200000000002
CZ01,Heating Tertiary,285,236.733
CZ01,Heating Tertiary,286,275.16700000000003
CZ01,Heating Tertiary,287,320.906
CZ01,Heating Tertiary,288,364.61699999999996
CZ01,Heating Tertiary,289,420.88300000000004
CZ01,Heating Tertiary,290,442.714
CZ01,Heating Tertiary,291,453.98
CZ01,Heating Tertiary,292,458.774
CZ01,Heating Tertiary,293,451.713
CZ01,Heating Tertiary,294,426.343
CZ01,Heating Tertiary,295,385.26300000000003
CZ01,Heating Tertiary,296,337.236
CZ01,Heating Tertiary,297,293.686
CZ01,Heating Tertiary,298,259.676
CZ01,Heating Tertiary,299,236.22400000000002
CZ01,Heating Tertiary,300,218.622
CZ01,Heating Tertiary,301,206.59
CZ01,Heating Tertiary,302,200.995
CZ01,Heating Tertiary,303,201.028
CZ01,Heating Tertiary,304,203.217
CZ01,Heating Tertiary,305,203.92700000000002
CZ01,Heating Tertiary,306,204.88099999999997
CZ01,Heating Tertiary,307,209.295
CZ01,Heating Tertiary,308,222.838
CZ01,Heating Tertiary,309,249.953
CZ01,Heating Tertiary,310,290.533
CZ01,Heating Tertiary,311,338.82599999999996
CZ01,Heating Tertiary,312,384.978
CZ01,Heating Tertiary,313,355.84
CZ01,Heating Tertiary,314,374.29699999999997
CZ01,Heating Tertiary,315,383.82199999999995
CZ01,Heating Tertiary,316,387.875
CZ01,Heating Tertiary,317,381.905
CZ01,Heating Tertiary,318,360.45599999999996
CZ01,Heating Tertiary,319,325.724
CZ01,Heating Tertiary,320,285.119
CZ01,Heating Tertiary,321,248.299
CZ01,Heating Tertiary,322,219.545
CZ01,Heating Tertiary,323,199.718
CZ01,Heating Tertiary,324,184.83599999999998
CZ01,Heating Tertiary,325,174.66299999999995
CZ01,Heating Tertiary,326,169.933
CZ01,Heating Tertiary,327,169.96099999999996
CZ01,Heating Tertiary,328,171.81099999999995
CZ01,Heating Tertiary,329,172.412
CZ01,Heating Tertiary,330,173.21900000000005
CZ01,Heating Tertiary,331,176.95
CZ01,Heating Tertiary,332,188.4
CZ01,Heating Tertiary,333,211.325
CZ01,Heating Tertiary,334,245.63400000000001
CZ01,Heating Tertiary,335,286.464
CZ01,Heating Tertiary,336,325.483
CZ01,Heating Tertiary,337,314.903
CZ01,Heating Tertiary,338,331.236
CZ01,Heating Tertiary,339,339.665
CZ01,Heating Tertiary,340,343.2519999999999
CZ01,Heating Tertiary,341,337.968
CZ01,Heating Tertiary,342,318.987
CZ01,Heating Tertiary,343,288.251
CZ01,Heating Tertiary,344,252.31799999999998
CZ01,Heating Tertiary,345,219.734
CZ01,Heating Tertiary,346,194.28799999999998
CZ01,Heating Tertiary,347,176.74200000000005
CZ01,Heating Tertiary,348,163.572
CZ01,Heating Tertiary,349,154.569
CZ01,Heating Tertiary,350,150.38299999999995
CZ01,Heating Tertiary,351,150.408
CZ01,Heating Tertiary,352,152.045
CZ01,Heating Tertiary,353,152.577
CZ01,Heating Tertiary,354,153.291
CZ01,Heating Tertiary,355,156.593
CZ01,Heating Tertiary,356,166.726
CZ01,Heating Tertiary,357,187.013
CZ01,Heating Tertiary,358,217.375
CZ01,Heating Tertiary,359,253.50799999999998
CZ01,Heating Tertiary,360,288.039
CZ01,Heating Tertiary,361,327.934
CZ01,Heating Tertiary,362,337.038
CZ01,Heating Tertiary,363,342.3
CZ01,Heating Tertiary,364,338.476
CZ01,Heating Tertiary,365,321.19599999999997
CZ01,Heating Tertiary,366,292.222
CZ01,Heating Tertiary,367,257.496
CZ01,Heating Tertiary,368,223.649
CZ01,Heating Tertiary,369,196.267
CZ01,Heating Tertiary,370,176.71400000000003
CZ01,Heating Tertiary,371,162.403
CZ01,Heating Tertiary,372,152.105
CZ01,Heating Tertiary,373,147.30700000000004
CZ01,Heating Tertiary,374,147.675
CZ01,Heating Tertiary,375,149.759
CZ01,Heating Tertiary,376,150.49
CZ01,Heating Tertiary,377,150.299
CZ01,Heating Tertiary,378,151.809
CZ01,Heating Tertiary,379,159.868
CZ01,Heating Tertiary,380,179.731
CZ01,Heating Tertiary,381,211.324
CZ01,Heating Tertiary,382,250.33599999999998
CZ01,Heating Tertiary,383,286.073
CZ01,Heating Tertiary,384,312.692
CZ01,Heating Tertiary,385,337.379
CZ01,Heating Tertiary,386,346.346
CZ01,Heating Tertiary,387,349.911
CZ01,Heating Tertiary,388,344.55300000000005
CZ01,Heating Tertiary,389,327.007
CZ01,Heating Tertiary,390,298.286
CZ01,Heating Tertiary,391,263.70099999999996
CZ01,Heating Tertiary,392,230.75799999999998
CZ01,Heating Tertiary,393,205.08700000000002
CZ01,Heating Tertiary,394,187.483
CZ01,Heating Tertiary,395,174.017
CZ01,Heating Tertiary,396,163.392
CZ01,Heating Tertiary,397,157.475
CZ01,Heating Tertiary,398,154.775
CZ01,Heating Tertiary,399,153.666
CZ01,Heating Tertiary,400,151.664
CZ01,Heating Tertiary,401,150.809
CZ01,Heating Tertiary,402,153.078
CZ01,Heating Tertiary,403,162.033
CZ01,Heating Tertiary,404,181.27200000000002
CZ01,Heating Tertiary,405,210.472
CZ01,Heating Tertiary,406,247.391
CZ01,Heating Tertiary,407,285.883
CZ01,Heating Tertiary,408,317.491
CZ01,Heating Tertiary,409,296.877
CZ01,Heating Tertiary,410,312.276
CZ01,Heating Tertiary,411,320.223
CZ01,Heating Tertiary,412,323.6040000000001
CZ01,Heating Tertiary,413,318.623
CZ01,Heating Tertiary,414,300.7290000000001
CZ01,Heating Tertiary,415,271.752
CZ01,Heating Tertiary,416,237.875
CZ01,Heating Tertiary,417,207.15599999999998
CZ01,Heating Tertiary,418,183.167
CZ01,Heating Tertiary,419,166.62400000000005
CZ01,Heating Tertiary,420,154.209
CZ01,Heating Tertiary,421,145.721
CZ01,Heating Tertiary,422,141.775
CZ01,Heating Tertiary,423,141.798
CZ01,Heating Tertiary,424,143.342
CZ01,Heating Tertiary,425,143.843
CZ01,Heating Tertiary,426,144.516
CZ01,Heating Tertiary,427,147.629
CZ01,Heating Tertiary,428,157.18200000000004
CZ01,Heating Tertiary,429,176.308
CZ01,Heating Tertiary,430,204.93200000000002
CZ01,Heating Tertiary,431,238.997
CZ01,Heating Tertiary,432,271.551
CZ01,Heating Tertiary,433,261.91200000000003
CZ01,Heating Tertiary,434,275.497
CZ01,Heating Tertiary,435,282.508
CZ01,Heating Tertiary,436,285.491
CZ01,Heating Tertiary,437,281.097
CZ01,Heating Tertiary,438,265.31
CZ01,Heating Tertiary,439,239.74599999999998
CZ01,Heating Tertiary,440,209.859
CZ01,Heating Tertiary,441,182.75799999999998
CZ01,Heating Tertiary,442,161.594
CZ01,Heating Tertiary,443,147.0
CZ01,Heating Tertiary,444,136.046
CZ01,Heating Tertiary,445,128.559
CZ01,Heating Tertiary,446,125.07700000000001
CZ01,Heating Tertiary,447,125.098
CZ01,Heating Tertiary,448,126.46
CZ01,Heating Tertiary,449,126.902
CZ01,Heating Tertiary,450,127.49600000000001
CZ01,Heating Tertiary,451,130.24200000000002
CZ01,Heating Tertiary,452,138.67
CZ01,Heating Tertiary,453,155.54399999999995
CZ01,Heating Tertiary,454,180.796
CZ01,Heating Tertiary,455,210.84799999999998
CZ01,Heating Tertiary,456,239.56900000000002
CZ01,Heating Tertiary,457,261.91200000000003
CZ01,Heating Tertiary,458,275.497
CZ01,Heating Tertiary,459,282.508
CZ01,Heating Tertiary,460,285.491
CZ01,Heating Tertiary,461,281.097
CZ01,Heating Tertiary,462,265.31
CZ01,Heating Tertiary,463,239.74599999999998
CZ01,Heating Tertiary,464,209.859
CZ01,Heating Tertiary,465,182.75799999999998
CZ01,Heating Tertiary,466,161.594
CZ01,Heating Tertiary,467,147.0
CZ01,Heating Tertiary,468,136.046
CZ01,Heating Tertiary,469,128.559
CZ01,Heating Tertiary,470,125.07700000000001
CZ01,Heating Tertiary,471,125.098
CZ01,Heating Tertiary,472,126.46
CZ01,Heating Tertiary,473,126.902
CZ01,Heating Tertiary,474,127.49600000000001
CZ01,Heating Tertiary,475,130.24200000000002
CZ01,Heating Tertiary,476,138.67
CZ01,Heating Tertiary,477,155.54399999999995
CZ01,Heating Tertiary,478,180.796
CZ01,Heating Tertiary,479,210.84799999999998
CZ01,Heating Tertiary,480,239.56900000000002
CZ01,Heating Tertiary,481,296.877
CZ01,Heating Tertiary,482,312.276
CZ01,Heating Tertiary,483,320.223
CZ01,Heating Tertiary,484,323.6040000000001
CZ01,Heating Tertiary,485,318.623
CZ01,Heating Tertiary,486,300.7290000000001
CZ01,Heating Tertiary,487,271.752
CZ01,Heating Tertiary,488,237.875
CZ01,Heating Tertiary,489,207.15599999999998
CZ01,Heating Tertiary,490,183.167
CZ01,Heating Tertiary,491,166.62400000000005
CZ01,Heating Tertiary,492,154.209
CZ01,Heating Tertiary,493,145.721
CZ01,Heating Tertiary,494,141.775
CZ01,Heating Tertiary,495,141.798
CZ01,Heating Tertiary,496,143.342
CZ01,Heating Tertiary,497,143.843
CZ01,Heating Tertiary,498,144.516
CZ01,Heating Tertiary,499,147.629
CZ01,Heating Tertiary,500,157.18200000000004
CZ01,Heating Tertiary,501,176.308
CZ01,Heating Tertiary,502,204.93200000000002
CZ01,Heating Tertiary,503,238.997
CZ01,Heating Tertiary,504,271.551
CZ01,Heating Tertiary,505,398.62300000000016
CZ01,Heating Tertiary,506,419.29900000000004
CZ01,Heating Tertiary,507,429.97
CZ01,Heating Tertiary,508,434.51
CZ01,Heating Tertiary,509,427.82199999999995
CZ01,Heating Tertiary,510,403.79400000000004
CZ01,Heating Tertiary,511,364.88599999999997
CZ01,Heating Tertiary,512,319.4
CZ01,Heating Tertiary,513,278.152
CZ01,Heating Tertiary,514,245.942
CZ01,Heating Tertiary,515,223.73
CZ01,Heating Tertiary,516,207.05900000000003
CZ01,Heating Tertiary,517,195.66299999999998
CZ01,Heating Tertiary,518,190.364
CZ01,Heating Tertiary,519,190.396
CZ01,Heating Tertiary,520,192.46900000000002
CZ01,Heating Tertiary,521,193.142
CZ01,Heating Tertiary,522,194.045
CZ01,Heating Tertiary,523,198.225
CZ01,Heating Tertiary,524,211.05200000000002
CZ01,Heating Tertiary,525,236.733
CZ01,Heating Tertiary,526,275.16700000000003
CZ01,Heating Tertiary,527,320.906
CZ01,Heating Tertiary,528,364.61699999999996
CZ01,Heating Tertiary,529,464.914
CZ01,Heating Tertiary,530,477.819
CZ01,Heating Tertiary,531,485.279
CZ01,Heating Tertiary,532,479.85900000000004
CZ01,Heating Tertiary,533,455.361
CZ01,Heating Tertiary,534,414.283
CZ01,Heating Tertiary,535,365.05300000000005
CZ01,Heating Tertiary,536,317.067
CZ01,Heating Tertiary,537,278.248
CZ01,Heating Tertiary,538,250.528
CZ01,Heating Tertiary,539,230.239
CZ01,Heating Tertiary,540,215.64
CZ01,Heating Tertiary,541,208.83700000000002
CZ01,Heating Tertiary,542,209.36
CZ01,Heating Tertiary,543,212.31400000000002
CZ01,Heating Tertiary,544,213.34900000000002
CZ01,Heating Tertiary,545,213.079
CZ01,Heating Tertiary,546,215.22
CZ01,Heating Tertiary,547,226.645
CZ01,Heating Tertiary,548,254.805
CZ01,Heating Tertiary,549,299.595
CZ01,Heating Tertiary,550,354.903
CZ01,Heating Tertiary,551,405.566
CZ01,Heating Tertiary,552,443.305
CZ01,Heating Tertiary,553,530.624
CZ01,Heating Tertiary,554,544.7280000000002
CZ01,Heating Tertiary,555,550.336
CZ01,Heating Tertiary,556,541.908
CZ01,Heating Tertiary,557,514.312
CZ01,Heating Tertiary,558,469.14
CZ01,Heating Tertiary,559,414.745
CZ01,Heating Tertiary,560,362.93300000000005
CZ01,Heating Tertiary,561,322.557
CZ01,Heating Tertiary,562,294.871
CZ01,Heating Tertiary,563,273.691
CZ01,Heating Tertiary,564,256.981
CZ01,Heating Tertiary,565,247.674
CZ01,Heating Tertiary,566,243.428
CZ01,Heating Tertiary,567,241.68400000000003
CZ01,Heating Tertiary,568,238.53400000000002
CZ01,Heating Tertiary,569,237.19099999999997
CZ01,Heating Tertiary,570,240.75900000000001
CZ01,Heating Tertiary,571,254.84400000000002
CZ01,Heating Tertiary,572,285.1020000000001
CZ01,Heating Tertiary,573,331.028
CZ01,Heating Tertiary,574,389.093
CZ01,Heating Tertiary,575,449.63300000000004
CZ01,Heating Tertiary,576,499.345
CZ01,Heating Tertiary,577,420.88300000000004
CZ01,Heating Tertiary,578,442.714
CZ01,Heating Tertiary,579,453.98
CZ01,Heating Tertiary,580,458.774
CZ01,Heating Tertiary,581,451.713
CZ01,Heating Tertiary,582,426.343
CZ01,Heating Tertiary,583,385.26300000000003
CZ01,Heating Tertiary,584,337.236
CZ01,Heating Tertiary,585,293.686
CZ01,Heating Tertiary,586,259.676
CZ01,Heating Tertiary,587,236.22400000000002
CZ01,Heating Tertiary,588,218.622
CZ01,Heating Tertiary,589,206.59
CZ01,Heating Tertiary,590,200.995
CZ01,Heating Tertiary,591,201.028
CZ01,Heating Tertiary,592,203.217
CZ01,Heating Tertiary,593,203.92700000000002
CZ01,Heating Tertiary,594,204.88099999999997
CZ01,Heating Tertiary,595,209.295
CZ01,Heating Tertiary,596,222.838
CZ01,Heating Tertiary,597,249.953
CZ01,Heating Tertiary,598,290.533
CZ01,Heating Tertiary,599,338.82599999999996
CZ01,Heating Tertiary,600,384.978
CZ01,Heating Tertiary,601,398.62300000000016
CZ01,Heating Tertiary,602,419.29900000000004
CZ01,Heating Tertiary,603,429.97
CZ01,Heating Tertiary,604,434.51
CZ01,Heating Tertiary,605,427.82199999999995
CZ01,Heating Tertiary,606,403.79400000000004
CZ01,Heating Tertiary,607,364.88599999999997
CZ01,Heating Tertiary,608,319.4
CZ01,Heating Tertiary,609,278.152
CZ01,Heating Tertiary,610,245.942
CZ01,Heating Tertiary,611,223.73
CZ01,Heating Tertiary,612,207.05900000000003
CZ01,Heating Tertiary,613,195.66299999999998
CZ01,Heating Tertiary,614,190.364
CZ01,Heating Tertiary,615,190.396
CZ01,Heating Tertiary,616,192.46900000000002
CZ01,Heating Tertiary,617,193.142
CZ01,Heating Tertiary,618,194.045
CZ01,Heating Tertiary,619,198.225
CZ01,Heating Tertiary,620,211.05200000000002
CZ01,Heating Tertiary,621,236.733
CZ01,Heating Tertiary,622,275.16700000000003
CZ01,Heating Tertiary,623,320.906
CZ01,Heating Tertiary,624,364.61699999999996
CZ01,Heating Tertiary,625,443.579
CZ01,Heating Tertiary,626,466.586
CZ01,Heating Tertiary,627,478.46
CZ01,Heating Tertiary,628,483.51199999999994
CZ01,Heating Tertiary,629,476.07
CZ01,Heating Tertiary,630,449.333
CZ01,Heating Tertiary,631,406.037
CZ01,Heating Tertiary,632,355.421
CZ01,Heating Tertiary,633,309.52099999999996
CZ01,Heating Tertiary,634,273.678
CZ01,Heating Tertiary,635,248.96099999999998
CZ01,Heating Tertiary,636,230.41
CZ01,Heating Tertiary,637,217.729
CZ01,Heating Tertiary,638,211.833
CZ01,Heating Tertiary,639,211.868
CZ01,Heating Tertiary,640,214.174
CZ01,Heating Tertiary,641,214.923
CZ01,Heating Tertiary,642,215.928
CZ01,Heating Tertiary,643,220.581
CZ01,Heating Tertiary,644,234.854
CZ01,Heating Tertiary,645,263.431
CZ01,Heating Tertiary,646,306.2
CZ01,Heating Tertiary,647,357.096
CZ01,Heating Tertiary,648,405.73699999999997
CZ01,Heating Tertiary,649,515.246
CZ01,Heating Tertiary,650,541.97
CZ01,Heating Tertiary,651,555.763
CZ01,Heating Tertiary,652,561.631
CZ01,Heating Tertiary,653,552.986
CZ01,Heating Tertiary,654,521.93
CZ01,Heating Tertiary,655,471.639
CZ01,Heating Tertiary,656,412.845
CZ01,Heating Tertiary,657,359.529
CZ01,Heating Tertiary,658,317.895
CZ01,Heating Tertiary,659,289.185
CZ01,Heating Tertiary,660,267.637
CZ01,Heating Tertiary,661,252.907
CZ01,Heating Tertiary,662,246.058
CZ01,Heating Tertiary,663,246.09799999999998
CZ01,Heating Tertiary,664,248.77700000000002
CZ01,Heating Tertiary,665,249.648
CZ01,Heating Tertiary,666,250.815
CZ01,Heating Tertiary,667,256.219
CZ01,Heating Tertiary,668,272.798
CZ01,Heating Tertiary,669,305.992
CZ01,Heating Tertiary,670,355.671
CZ01,Heating Tertiary,671,414.791
CZ01,Heating Tertiary,672,471.29
CZ01,Heating Tertiary,673,296.877
CZ01,Heating Tertiary,674,312.276
CZ01,Heating Tertiary,675,320.223
CZ01,Heating Tertiary,676,323.6040000000001
CZ01,Heating Tertiary,677,318.623
CZ01,Heating Tertiary,678,300.7290000000001
CZ01,Heating Tertiary,679,271.752
CZ01,Heating Tertiary,680,237.875
CZ01,Heating Tertiary,681,207.15599999999998
CZ01,Heating Tertiary,682,183.167
CZ01,Heating Tertiary,683,166.62400000000005
CZ01,Heating Tertiary,684,154.209
CZ01,Heating Tertiary,685,145.721
CZ01,Heating Tertiary,686,141.775
CZ01,Heating Tertiary,687,141.798
CZ01,Heating Tertiary,688,143.342
CZ01,Heating Tertiary,689,143.843
CZ01,Heating Tertiary,690,144.516
CZ01,Heating Tertiary,691,147.629
CZ01,Heating Tertiary,692,157.18200000000004
CZ01,Heating Tertiary,693,176.308
CZ01,Heating Tertiary,694,204.93200000000002
CZ01,Heating Tertiary,695,238.997
CZ01,Heating Tertiary,696,271.551
CZ01,Heating Tertiary,697,308.983
CZ01,Heating Tertiary,698,317.56
CZ01,Heating Tertiary,699,322.518
CZ01,Heating Tertiary,700,318.915
CZ01,Heating Tertiary,701,302.634
CZ01,Heating Tertiary,702,275.334
CZ01,Heating Tertiary,703,242.615
CZ01,Heating Tertiary,704,210.72400000000002
CZ01,Heating Tertiary,705,184.924
CZ01,Heating Tertiary,706,166.502
CZ01,Heating Tertiary,707,153.018
CZ01,Heating Tertiary,708,143.314
CZ01,Heating Tertiary,709,138.79399999999998
CZ01,Heating Tertiary,710,139.141
CZ01,Heating Tertiary,711,141.10399999999996
CZ01,Heating Tertiary,712,141.793
CZ01,Heating Tertiary,713,141.613
CZ01,Heating Tertiary,714,143.036
CZ01,Heating Tertiary,715,150.629
CZ01,Heating Tertiary,716,169.34400000000005
CZ01,Heating Tertiary,717,199.112
CZ01,Heating Tertiary,718,235.86900000000003
CZ01,Heating Tertiary,719,269.54
CZ01,Heating Tertiary,720,294.621
CZ01,Heating Tertiary,721,337.379
CZ01,Heating Tertiary,722,346.346
CZ01,Heating Tertiary,723,349.911
CZ01,Heating Tertiary,724,344.55300000000005
CZ01,Heating Tertiary,725,327.007
CZ01,Heating Tertiary,726,298.286
CZ01,Heating Tertiary,727,263.70099999999996
CZ01,Heating Tertiary,728,230.75799999999998
CZ01,Heating Tertiary,729,205.08700000000002
CZ01,Heating Tertiary,730,187.483
CZ01,Heating Tertiary,731,174.017
CZ01,Heating Tertiary,732,163.392
CZ01,Heating Tertiary,733,157.475
CZ01,Heating Tertiary,734,154.775
CZ01,Heating Tertiary,735,153.666
CZ01,Heating Tertiary,736,151.664
CZ01,Heating Tertiary,737,150.809
CZ01,Heating Tertiary,738,153.078
CZ01,Heating Tertiary,739,162.033
CZ01,Heating Tertiary,740,181.27200000000002
CZ01,Heating Tertiary,741,210.472
CZ01,Heating Tertiary,742,247.391
CZ01,Heating Tertiary,743,285.883
CZ01,Heating Tertiary,744,317.491
CZ01,Heating Tertiary,745,335.1
CZ01,Heating Tertiary,746,352.481
CZ01,Heating Tertiary,747,361.45099999999996
CZ01,Heating Tertiary,748,365.267
CZ01,Heating Tertiary,749,359.645
CZ01,Heating Tertiary,750,339.44699999999995
CZ01,Heating Tertiary,751,306.7390000000001
CZ01,Heating Tertiary,752,268.502
CZ01,Heating Tertiary,753,233.827
CZ01,Heating Tertiary,754,206.74900000000002
CZ01,Heating Tertiary,755,188.077
CZ01,Heating Tertiary,756,174.063
CZ01,Heating Tertiary,757,164.483
CZ01,Heating Tertiary,758,160.028
CZ01,Heating Tertiary,759,160.055
CZ01,Heating Tertiary,760,161.797
CZ01,Heating Tertiary,761,162.363
CZ01,Heating Tertiary,762,163.123
CZ01,Heating Tertiary,763,166.637
CZ01,Heating Tertiary,764,177.419
CZ01,Heating Tertiary,765,199.00799999999998
CZ01,Heating Tertiary,766,231.317
CZ01,Heating Tertiary,767,269.767
CZ01,Heating Tertiary,768,306.513
CZ01,Heating Tertiary,769,377.014
CZ01,Heating Tertiary,770,396.57
CZ01,Heating Tertiary,771,406.662
CZ01,Heating Tertiary,772,410.955
CZ01,Heating Tertiary,773,404.63
CZ01,Heating Tertiary,774,381.905
CZ01,Heating Tertiary,775,345.106
CZ01,Heating Tertiary,776,302.086
CZ01,Heating Tertiary,777,263.074
CZ01,Heating Tertiary,778,232.61
CZ01,Heating Tertiary,779,211.602
CZ01,Heating Tertiary,780,195.835
CZ01,Heating Tertiary,781,185.05700000000002
CZ01,Heating Tertiary,782,180.045
CZ01,Heating Tertiary,783,180.075
CZ01,Heating Tertiary,784,182.035
CZ01,Heating Tertiary,785,182.672
CZ01,Heating Tertiary,786,183.52599999999998
CZ01,Heating Tertiary,787,187.48
CZ01,Heating Tertiary,788,199.611
CZ01,Heating Tertiary,789,223.9
CZ01,Heating Tertiary,790,260.251
CZ01,Heating Tertiary,791,303.509
CZ01,Heating Tertiary,792,344.851
CZ01,Heating Tertiary,793,279.72
CZ01,Heating Tertiary,794,294.2290000000001
CZ01,Heating Tertiary,795,301.717
CZ01,Heating Tertiary,796,304.903
CZ01,Heating Tertiary,797,300.21
CZ01,Heating Tertiary,798,283.349
CZ01,Heating Tertiary,799,256.046
CZ01,Heating Tertiary,800,224.128
CZ01,Heating Tertiary,801,195.18400000000003
CZ01,Heating Tertiary,802,172.581
CZ01,Heating Tertiary,803,156.995
CZ01,Heating Tertiary,804,145.297
CZ01,Heating Tertiary,805,137.3
CZ01,Heating Tertiary,806,133.582
CZ01,Heating Tertiary,807,133.60399999999998
CZ01,Heating Tertiary,808,135.058
CZ01,Heating Tertiary,809,135.531
CZ01,Heating Tertiary,810,136.164
CZ01,Heating Tertiary,811,139.09799999999998
CZ01,Heating Tertiary,812,148.099
CZ01,Heating Tertiary,813,166.11900000000003
CZ01,Heating Tertiary,814,193.08900000000003
CZ01,Heating Tertiary,815,225.18400000000003
CZ01,Heating Tertiary,816,255.858
CZ01,Heating Tertiary,817,279.72
CZ01,Heating Tertiary,818,294.2290000000001
CZ01,Heating Tertiary,819,301.717
CZ01,Heating Tertiary,820,304.903
CZ01,Heating Tertiary,821,300.21
CZ01,Heating Tertiary,822,283.349
CZ01,Heating Tertiary,823,256.046
CZ01,Heating Tertiary,824,224.128
CZ01,Heating Tertiary,825,195.18400000000003
CZ01,Heating Tertiary,826,172.581
CZ01,Heating Tertiary,827,156.995
CZ01,Heating Tertiary,828,145.297
CZ01,Heating Tertiary,829,137.3
CZ01,Heating Tertiary,830,133.582
CZ01,Heating Tertiary,831,133.60399999999998
CZ01,Heating Tertiary,832,135.058
CZ01,Heating Tertiary,833,135.531
CZ01,Heating Tertiary,834,136.164
CZ01,Heating Tertiary,835,139.09799999999998
CZ01,Heating Tertiary,836,148.099
CZ01,Heating Tertiary,837,166.11900000000003
CZ01,Heating Tertiary,838,193.08900000000003
CZ01,Heating Tertiary,839,225.18400000000003
CZ01,Heating Tertiary,840,255.858
CZ01,Heating Tertiary,841,296.877
CZ01,Heating Tertiary,842,312.276
CZ01,Heating Tertiary,843,320.223
CZ01,Heating Tertiary,844,323.6040000000001
CZ01,Heating Tertiary,845,318.623
CZ01,Heating Tertiary,846,300.7290000000001
CZ01,Heating Tertiary,847,271.752
CZ01,Heating Tertiary,848,237.875
CZ01,Heating Tertiary,849,207.15599999999998
CZ01,Heating Tertiary,850,183.167
CZ01,Heating Tertiary,851,166.62400000000005
CZ01,Heating Tertiary,852,154.209
CZ01,Heating Tertiary,853,145.721
CZ01,Heating Tertiary,854,141.775
CZ01,Heating Tertiary,855,141.798
CZ01,Heating Tertiary,856,143.342
CZ01,Heating Tertiary,857,143.843
CZ01,Heating Tertiary,858,144.516
CZ01,Heating Tertiary,859,147.629
CZ01,Heating Tertiary,860,157.18200000000004
CZ01,Heating Tertiary,861,176.308
CZ01,Heating Tertiary,862,204.93200000000002
CZ01,Heating Tertiary,863,238.997
CZ01,Heating Tertiary,864,271.551
CZ01,Heating Tertiary,865,289.311
CZ01,Heating Tertiary,866,297.343
CZ01,Heating Tertiary,867,301.985
CZ01,Heating Tertiary,868,298.612
CZ01,Heating Tertiary,869,283.367
CZ01,Heating Tertiary,870,257.805
CZ01,Heating Tertiary,871,227.17
CZ01,Heating Tertiary,872,197.308
CZ01,Heating Tertiary,873,173.15099999999995
CZ01,Heating Tertiary,874,155.901
CZ01,Heating Tertiary,875,143.276
CZ01,Heating Tertiary,876,134.191
CZ01,Heating Tertiary,877,129.957
CZ01,Heating Tertiary,878,130.283
CZ01,Heating Tertiary,879,132.121
CZ01,Heating Tertiary,880,132.765
CZ01,Heating Tertiary,881,132.597
CZ01,Heating Tertiary,882,133.929
CZ01,Heating Tertiary,883,141.039
CZ01,Heating Tertiary,884,158.563
CZ01,Heating Tertiary,885,186.435
CZ01,Heating Tertiary,886,220.85299999999998
CZ01,Heating Tertiary,887,252.38
CZ01,Heating Tertiary,888,275.865
CZ01,Heating Tertiary,889,297.643
CZ01,Heating Tertiary,890,305.5540000000001
CZ01,Heating Tertiary,891,308.7
CZ01,Heating Tertiary,892,303.973
CZ01,Heating Tertiary,893,288.493
CZ01,Heating Tertiary,894,263.155
CZ01,Heating Tertiary,895,232.643
CZ01,Heating Tertiary,896,203.58
CZ01,Heating Tertiary,897,180.93200000000002
CZ01,Heating Tertiary,898,165.403
CZ01,Heating Tertiary,899,153.52200000000005
CZ01,Heating Tertiary,900,144.148
CZ01,Heating Tertiary,901,138.928
CZ01,Heating Tertiary,902,136.546
CZ01,Heating Tertiary,903,135.56799999999998
CZ01,Heating Tertiary,904,133.80100000000002
CZ01,Heating Tertiary,905,133.047
CZ01,Heating Tertiary,906,135.049
CZ01,Heating Tertiary,907,142.95
CZ01,Heating Tertiary,908,159.922
CZ01,Heating Tertiary,909,185.683
CZ01,Heating Tertiary,910,218.25400000000002
CZ01,Heating Tertiary,911,252.213
CZ01,Heating Tertiary,912,280.098
CZ01,Heating Tertiary,913,377.014
CZ01,Heating Tertiary,914,396.57
CZ01,Heating Tertiary,915,406.662
CZ01,Heating Tertiary,916,410.955
CZ01,Heating Tertiary,917,404.63
CZ01,Heating Tertiary,918,381.905
CZ01,Heating Tertiary,919,345.106
CZ01,Heating Tertiary,920,302.086
CZ01,Heating Tertiary,921,263.074
CZ01,Heating Tertiary,922,232.61
CZ01,Heating Tertiary,923,211.602
CZ01,Heating Tertiary,924,195.835
CZ01,Heating Tertiary,925,185.05700000000002
CZ01,Heating Tertiary,926,180.045
CZ01,Heating Tertiary,927,180.075
CZ01,Heating Tertiary,928,182.035
CZ01,Heating Tertiary,929,182.672
CZ01,Heating Tertiary,930,183.52599999999998
CZ01,Heating Tertiary,931,187.48
CZ01,Heating Tertiary,932,199.611
CZ01,Heating Tertiary,933,223.9
CZ01,Heating Tertiary,934,260.251
CZ01,Heating Tertiary,935,303.509
CZ01,Heating Tertiary,936,344.851
CZ01,Heating Tertiary,937,420.88300000000004
CZ01,Heating Tertiary,938,442.714
CZ01,Heating Tertiary,939,453.98
CZ01,Heating Tertiary,940,458.774
CZ01,Heating Tertiary,941,451.713
CZ01,Heating Tertiary,942,426.343
CZ01,Heating Tertiary,943,385.26300000000003
CZ01,Heating Tertiary,944,337.236
CZ01,Heating Tertiary,945,293.686
CZ01,Heating Tertiary,946,259.676
CZ01,Heating Tertiary,947,236.22400000000002
CZ01,Heating Tertiary,948,218.622
CZ01,Heating Tertiary,949,206.59
CZ01,Heating Tertiary,950,200.995
CZ01,Heating Tertiary,951,201.028
CZ01,Heating Tertiary,952,203.217
CZ01,Heating Tertiary,953,203.92700000000002
CZ01,Heating Tertiary,954,204.88099999999997
CZ01,Heating Tertiary,955,209.295
CZ01,Heating Tertiary,956,222.838
CZ01,Heating Tertiary,957,249.953
CZ01,Heating Tertiary,958,290.533
CZ01,Heating Tertiary,959,338.82599999999996
CZ01,Heating Tertiary,960,384.978
CZ01,Heating Tertiary,961,398.62300000000016
CZ01,Heating Tertiary,962,419.29900000000004
CZ01,Heating Tertiary,963,429.97
CZ01,Heating Tertiary,964,434.51
CZ01,Heating Tertiary,965,427.82199999999995
CZ01,Heating Tertiary,966,403.79400000000004
CZ01,Heating Tertiary,967,364.88599999999997
CZ01,Heating Tertiary,968,319.4
CZ01,Heating Tertiary,969,278.152
CZ01,Heating Tertiary,970,245.942
CZ01,Heating Tertiary,971,223.73
CZ01,Heating Tertiary,972,207.05900000000003
CZ01,Heating Tertiary,973,195.66299999999998
CZ01,Heating Tertiary,974,190.364
CZ01,Heating Tertiary,975,190.396
CZ01,Heating Tertiary,976,192.46900000000002
CZ01,Heating Tertiary,977,193.142
CZ01,Heating Tertiary,978,194.045
CZ01,Heating Tertiary,979,198.225
CZ01,Heating Tertiary,980,211.05200000000002
CZ01,Heating Tertiary,981,236.733
CZ01,Heating Tertiary,982,275.16700000000003
CZ01,Heating Tertiary,983,320.906
CZ01,Heating Tertiary,984,364.61699999999996
CZ01,Heating Tertiary,985,355.84
CZ01,Heating Tertiary,986,374.29699999999997
CZ01,Heating Tertiary,987,383.82199999999995
CZ01,Heating Tertiary,988,387.875
CZ01,Heating Tertiary,989,381.905
CZ01,Heating Tertiary,990,360.45599999999996
CZ01,Heating Tertiary,991,325.724
CZ01,Heating Tertiary,992,285.119
CZ01,Heating Tertiary,993,248.299
CZ01,Heating Tertiary,994,219.545
CZ01,Heating Tertiary,995,199.718
CZ01,Heating Tertiary,996,184.83599999999998
CZ01,Heating Tertiary,997,174.66299999999995
CZ01,Heating Tertiary,998,169.933
CZ01,Heating Tertiary,999,169.96099999999996
CZ01,Heating Tertiary,1000,171.81099999999995
CZ01,Heating Tertiary,1001,172.412
CZ01,Heating Tertiary,1002,173.21900000000005
CZ01,Heating Tertiary,1003,176.95
CZ01,Heating Tertiary,1004,188.4
CZ01,Heating Tertiary,1005,211.325
CZ01,Heating Tertiary,1006,245.63400000000001
CZ01,Heating Tertiary,1007,286.464
CZ01,Heating Tertiary,1008,325.483
CZ01,Heating Tertiary,1009,377.014
CZ01,Heating Tertiary,1010,396.57
CZ01,Heating Tertiary,1011,406.662
CZ01,Heating Tertiary,1012,410.955
CZ01,Heating Tertiary,1013,404.63
CZ01,Heating Tertiary,1014,381.905
CZ01,Heating Tertiary,1015,345.106
CZ01,Heating Tertiary,1016,302.086
CZ01,Heating Tertiary,1017,263.074
CZ01,Heating Tertiary,1018,232.61
CZ01,Heating Tertiary,1019,211.602
CZ01,Heating Tertiary,1020,195.835
CZ01,Heating Tertiary,1021,185.05700000000002
CZ01,Heating Tertiary,1022,180.045
CZ01,Heating Tertiary,1023,180.075
CZ01,Heating Tertiary,1024,182.035
CZ01,Heating Tertiary,1025,182.672
CZ01,Heating Tertiary,1026,183.52599999999998
CZ01,Heating Tertiary,1027,187.48
CZ01,Heating Tertiary,1028,199.611
CZ01,Heating Tertiary,1029,223.9
CZ01,Heating Tertiary,1030,260.251
CZ01,Heating Tertiary,1031,303.509
CZ01,Heating Tertiary,1032,344.851
CZ01,Heating Tertiary,1033,393.065
CZ01,Heating Tertiary,1034,403.977
CZ01,Heating Tertiary,1035,410.284
CZ01,Heating Tertiary,1036,405.70099999999996
CZ01,Heating Tertiary,1037,384.98900000000003
CZ01,Heating Tertiary,1038,350.26
CZ01,Heating Tertiary,1039,308.638
CZ01,Heating Tertiary,1040,268.067
CZ01,Heating Tertiary,1041,235.247
CZ01,Heating Tertiary,1042,211.81099999999998
CZ01,Heating Tertiary,1043,194.658
CZ01,Heating Tertiary,1044,182.31400000000002
CZ01,Heating Tertiary,1045,176.563
CZ01,Heating Tertiary,1046,177.005
CZ01,Heating Tertiary,1047,179.502
CZ01,Heating Tertiary,1048,180.37900000000002
CZ01,Heating Tertiary,1049,180.15
CZ01,Heating Tertiary,1050,181.96
CZ01,Heating Tertiary,1051,191.61900000000003
CZ01,Heating Tertiary,1052,215.42700000000002
CZ01,Heating Tertiary,1053,253.295
CZ01,Heating Tertiary,1054,300.055
CZ01,Heating Tertiary,1055,342.89
CZ01,Heating Tertiary,1056,374.796
CZ01,Heating Tertiary,1057,380.815
CZ01,Heating Tertiary,1058,390.93699999999995
CZ01,Heating Tertiary,1059,394.962
CZ01,Heating Tertiary,1060,388.914
CZ01,Heating Tertiary,1061,369.10900000000004
CZ01,Heating Tertiary,1062,336.69
CZ01,Heating Tertiary,1063,297.652
CZ01,Heating Tertiary,1064,260.468
CZ01,Heating Tertiary,1065,231.49099999999999
CZ01,Heating Tertiary,1066,211.622
CZ01,Heating Tertiary,1067,196.422
CZ01,Heating Tertiary,1068,184.428
CZ01,Heating Tertiary,1069,177.74900000000005
CZ01,Heating Tertiary,1070,174.702
CZ01,Heating Tertiary,1071,173.451
CZ01,Heating Tertiary,1072,171.19
CZ01,Heating Tertiary,1073,170.226
CZ01,Heating Tertiary,1074,172.78599999999997
CZ01,Heating Tertiary,1075,182.895
CZ01,Heating Tertiary,1076,204.611
CZ01,Heating Tertiary,1077,237.57
CZ01,Heating Tertiary,1078,279.242
CZ01,Heating Tertiary,1079,322.69
CZ01,Heating Tertiary,1080,358.36800000000005
CZ01,Heating Tertiary,1081,377.014
CZ01,Heating Tertiary,1082,396.57
CZ01,Heating Tertiary,1083,406.662
CZ01,Heating Tertiary,1084,410.955
CZ01,Heating Tertiary,1085,404.63
CZ01,Heating Tertiary,1086,381.905
CZ01,Heating Tertiary,1087,345.106
CZ01,Heating Tertiary,1088,302.086
CZ01,Heating Tertiary,1089,263.074
CZ01,Heating Tertiary,1090,232.61
CZ01,Heating Tertiary,1091,211.602
CZ01,Heating Tertiary,1092,195.835
CZ01,Heating Tertiary,1093,185.05700000000002
CZ01,Heating Tertiary,1094,180.045
CZ01,Heating Tertiary,1095,180.075
CZ01,Heating Tertiary,1096,182.035
CZ01,Heating Tertiary,1097,182.672
CZ01,Heating Tertiary,1098,183.52599999999998
CZ01,Heating Tertiary,1099,187.48
CZ01,Heating Tertiary,1100,199.611
CZ01,Heating Tertiary,1101,223.9
CZ01,Heating Tertiary,1102,260.251
CZ01,Heating Tertiary,1103,303.509
CZ01,Heating Tertiary,1104,344.851
CZ01,Heating Tertiary,1105,335.1
CZ01,Heating Tertiary,1106,352.481
CZ01,Heating Tertiary,1107,361.45099999999996
CZ01,Heating Tertiary,1108,365.267
CZ01,Heating Tertiary,1109,359.645
CZ01,Heating Tertiary,1110,339.44699999999995
CZ01,Heating Tertiary,1111,306.7390000000001
CZ01,Heating Tertiary,1112,268.502
CZ01,Heating Tertiary,1113,233.827
CZ01,Heating Tertiary,1114,206.74900000000002
CZ01,Heating Tertiary,1115,188.077
CZ01,Heating Tertiary,1116,174.063
CZ01,Heating Tertiary,1117,164.483
CZ01,Heating Tertiary,1118,160.028
CZ01,Heating Tertiary,1119,160.055
CZ01,Heating Tertiary,1120,161.797
CZ01,Heating Tertiary,1121,162.363
CZ01,Heating Tertiary,1122,163.123
CZ01,Heating Tertiary,1123,166.637
CZ01,Heating Tertiary,1124,177.419
CZ01,Heating Tertiary,1125,199.00799999999998
CZ01,Heating Tertiary,1126,231.317
CZ01,Heating Tertiary,1127,269.767
CZ01,Heating Tertiary,1128,306.513
CZ01,Heating Tertiary,1129,355.84
CZ01,Heating Tertiary,1130,374.29699999999997
CZ01,Heating Tertiary,1131,383.82199999999995
CZ01,Heating Tertiary,1132,387.875
CZ01,Heating Tertiary,1133,381.905
CZ01,Heating Tertiary,1134,360.45599999999996
CZ01,Heating Tertiary,1135,325.724
CZ01,Heating Tertiary,1136,285.119
CZ01,Heating Tertiary,1137,248.299
CZ01,Heating Tertiary,1138,219.545
CZ01,Heating Tertiary,1139,199.718
CZ01,Heating Tertiary,1140,184.83599999999998
CZ01,Heating Tertiary,1141,174.66299999999995
CZ01,Heating Tertiary,1142,169.933
CZ01,Heating Tertiary,1143,169.96099999999996
CZ01,Heating Tertiary,1144,171.81099999999995
CZ01,Heating Tertiary,1145,172.412
CZ01,Heating Tertiary,1146,173.21900000000005
CZ01,Heating Tertiary,1147,176.95
CZ01,Heating Tertiary,1148,188.4
CZ01,Heating Tertiary,1149,211.325
CZ01,Heating Tertiary,1150,245.63400000000001
CZ01,Heating Tertiary,1151,286.464
CZ01,Heating Tertiary,1152,325.483
CZ01,Heating Tertiary,1153,296.877
CZ01,Heating Tertiary,1154,312.276
CZ01,Heating Tertiary,1155,320.223
CZ01,Heating Tertiary,1156,323.6040000000001
CZ01,Heating Tertiary,1157,318.623
CZ01,Heating Tertiary,1158,300.7290000000001
CZ01,Heating Tertiary,1159,271.752
CZ01,Heating Tertiary,1160,237.875
CZ01,Heating Tertiary,1161,207.15599999999998
CZ01,Heating Tertiary,1162,183.167
CZ01,Heating Tertiary,1163,166.62400000000005
CZ01,Heating Tertiary,1164,154.209
CZ01,Heating Tertiary,1165,145.721
CZ01,Heating Tertiary,1166,141.775
CZ01,Heating Tertiary,1167,141.798
CZ01,Heating Tertiary,1168,143.342
CZ01,Heating Tertiary,1169,143.843
CZ01,Heating Tertiary,1170,144.516
CZ01,Heating Tertiary,1171,147.629
CZ01,Heating Tertiary,1172,157.18200000000004
CZ01,Heating Tertiary,1173,176.308
CZ01,Heating Tertiary,1174,204.93200000000002
CZ01,Heating Tertiary,1175,238.997
CZ01,Heating Tertiary,1176,271.551
CZ01,Heating Tertiary,1177,242.90900000000002
CZ01,Heating Tertiary,1178,255.50799999999998
CZ01,Heating Tertiary,1179,262.01099999999997
CZ01,Heating Tertiary,1180,264.777
CZ01,Heating Tertiary,1181,260.702
CZ01,Heating Tertiary,1182,246.06
CZ01,Heating Tertiary,1183,222.351
CZ01,Heating Tertiary,1184,194.63299999999998
CZ01,Heating Tertiary,1185,169.498
CZ01,Heating Tertiary,1186,149.869
CZ01,Heating Tertiary,1187,136.335
CZ01,Heating Tertiary,1188,126.176
CZ01,Heating Tertiary,1189,119.23100000000001
CZ01,Heating Tertiary,1190,116.00299999999999
CZ01,Heating Tertiary,1191,116.022
CZ01,Heating Tertiary,1192,117.285
CZ01,Heating Tertiary,1193,117.695
CZ01,Heating Tertiary,1194,118.24600000000001
CZ01,Heating Tertiary,1195,120.79299999999999
CZ01,Heating Tertiary,1196,128.609
CZ01,Heating Tertiary,1197,144.25799999999995
CZ01,Heating Tertiary,1198,167.679
CZ01,Heating Tertiary,1199,195.55
CZ01,Heating Tertiary,1200,222.187
CZ01,Heating Tertiary,1201,289.311
CZ01,Heating Tertiary,1202,297.343
CZ01,Heating Tertiary,1203,301.985
CZ01,Heating Tertiary,1204,298.612
CZ01,Heating Tertiary,1205,283.367
CZ01,Heating Tertiary,1206,257.805
CZ01,Heating Tertiary,1207,227.17
CZ01,Heating Tertiary,1208,197.308
CZ01,Heating Tertiary,1209,173.15099999999995
CZ01,Heating Tertiary,1210,155.901
CZ01,Heating Tertiary,1211,143.276
CZ01,Heating Tertiary,1212,134.191
CZ01,Heating Tertiary,1213,129.957
CZ01,Heating Tertiary,1214,130.283
CZ01,Heating Tertiary,1215,132.121
CZ01,Heating Tertiary,1216,132.765
CZ01,Heating Tertiary,1217,132.597
CZ01,Heating Tertiary,1218,133.929
CZ01,Heating Tertiary,1219,141.039
CZ01,Heating Tertiary,1220,158.563
CZ01,Heating Tertiary,1221,186.435
CZ01,Heating Tertiary,1222,220.85299999999998
CZ01,Heating Tertiary,1223,252.38
CZ01,Heating Tertiary,1224,275.865
CZ01,Heating Tertiary,1225,297.643
CZ01,Heating Tertiary,1226,305.5540000000001
CZ01,Heating Tertiary,1227,308.7
CZ01,Heating Tertiary,1228,303.973
CZ01,Heating Tertiary,1229,288.493
CZ01,Heating Tertiary,1230,263.155
CZ01,Heating Tertiary,1231,232.643
CZ01,Heating Tertiary,1232,203.58
CZ01,Heating Tertiary,1233,180.93200000000002
CZ01,Heating Tertiary,1234,165.403
CZ01,Heating Tertiary,1235,153.52200000000005
CZ01,Heating Tertiary,1236,144.148
CZ01,Heating Tertiary,1237,138.928
CZ01,Heating Tertiary,1238,136.546
CZ01,Heating Tertiary,1239,135.56799999999998
CZ01,Heating Tertiary,1240,133.80100000000002
CZ01,Heating Tertiary,1241,133.047
CZ01,Heating Tertiary,1242,135.049
CZ01,Heating Tertiary,1243,142.95
CZ01,Heating Tertiary,1244,159.922
CZ01,Heating Tertiary,1245,185.683
CZ01,Heating Tertiary,1246,218.25400000000002
CZ01,Heating Tertiary,1247,252.213
CZ01,Heating Tertiary,1248,280.098
CZ01,Heating Tertiary,1249,261.91200000000003
CZ01,Heating Tertiary,1250,275.497
CZ01,Heating Tertiary,1251,282.508
CZ01,Heating Tertiary,1252,285.491
CZ01,Heating Tertiary,1253,281.097
CZ01,Heating Tertiary,1254,265.31
CZ01,Heating Tertiary,1255,239.74599999999998
CZ01,Heating Tertiary,1256,209.859
CZ01,Heating Tertiary,1257,182.75799999999998
CZ01,Heating Tertiary,1258,161.594
CZ01,Heating Tertiary,1259,147.0
CZ01,Heating Tertiary,1260,136.046
CZ01,Heating Tertiary,1261,128.559
CZ01,Heating Tertiary,1262,125.07700000000001
CZ01,Heating Tertiary,1263,125.098
CZ01,Heating Tertiary,1264,126.46
CZ01,Heating Tertiary,1265,126.902
CZ01,Heating Tertiary,1266,127.49600000000001
CZ01,Heating Tertiary,1267,130.24200000000002
CZ01,Heating Tertiary,1268,138.67
CZ01,Heating Tertiary,1269,155.54399999999995
CZ01,Heating Tertiary,1270,180.796
CZ01,Heating Tertiary,1271,210.84799999999998
CZ01,Heating Tertiary,1272,239.56900000000002
CZ01,Heating Tertiary,1273,261.91200000000003
CZ01,Heating Tertiary,1274,275.497
CZ01,Heating Tertiary,1275,282.508
CZ01,Heating Tertiary,1276,285.491
CZ01,Heating Tertiary,1277,281.097
CZ01,Heating Tertiary,1278,265.31
CZ01,Heating Tertiary,1279,239.74599999999998
CZ01,Heating Tertiary,1280,209.859
CZ01,Heating Tertiary,1281,182.75799999999998
CZ01,Heating Tertiary,1282,161.594
CZ01,Heating Tertiary,1283,147.0
CZ01,Heating Tertiary,1284,136.046
CZ01,Heating Tertiary,1285,128.559
CZ01,Heating Tertiary,1286,125.07700000000001
CZ01,Heating Tertiary,1287,125.098
CZ01,Heating Tertiary,1288,126.46
CZ01,Heating Tertiary,1289,126.902
CZ01,Heating Tertiary,1290,127.49600000000001
CZ01,Heating Tertiary,1291,130.24200000000002
CZ01,Heating Tertiary,1292,138.67
CZ01,Heating Tertiary,1293,155.54399999999995
CZ01,Heating Tertiary,1294,180.796
CZ01,Heating Tertiary,1295,210.84799999999998
CZ01,Heating Tertiary,1296,239.56900000000002
CZ01,Heating Tertiary,1297,206.967
CZ01,Heating Tertiary,1298,217.702
CZ01,Heating Tertiary,1299,223.24200000000002
CZ01,Heating Tertiary,1300,225.59900000000002
CZ01,Heating Tertiary,1301,222.127
CZ01,Heating Tertiary,1302,209.65200000000002
CZ01,Heating Tertiary,1303,189.451
CZ01,Heating Tertiary,1304,165.834
CZ01,Heating Tertiary,1305,144.418
CZ01,Heating Tertiary,1306,127.694
CZ01,Heating Tertiary,1307,116.161
CZ01,Heating Tertiary,1308,107.506
CZ01,Heating Tertiary,1309,101.589
CZ01,Heating Tertiary,1310,98.8383
CZ01,Heating Tertiary,1311,98.8544
CZ01,Heating Tertiary,1312,99.9304
CZ01,Heating Tertiary,1313,100.28
CZ01,Heating Tertiary,1314,100.749
CZ01,Heating Tertiary,1315,102.92
CZ01,Heating Tertiary,1316,109.579
CZ01,Heating Tertiary,1317,122.913
CZ01,Heating Tertiary,1318,142.868
CZ01,Heating Tertiary,1319,166.615
CZ01,Heating Tertiary,1320,189.31099999999998
CZ01,Heating Tertiary,1321,190.46200000000002
CZ01,Heating Tertiary,1322,200.34099999999998
CZ01,Heating Tertiary,1323,205.43900000000002
CZ01,Heating Tertiary,1324,207.608
CZ01,Heating Tertiary,1325,204.41299999999998
CZ01,Heating Tertiary,1326,192.93200000000002
CZ01,Heating Tertiary,1327,174.343
CZ01,Heating Tertiary,1328,152.609
CZ01,Heating Tertiary,1329,132.901
CZ01,Heating Tertiary,1330,117.51100000000001
CZ01,Heating Tertiary,1331,106.898
CZ01,Heating Tertiary,1332,98.9326
CZ01,Heating Tertiary,1333,93.4876
CZ01,Heating Tertiary,1334,90.9558
CZ01,Heating Tertiary,1335,90.9707
CZ01,Heating Tertiary,1336,91.961
CZ01,Heating Tertiary,1337,92.2827
CZ01,Heating Tertiary,1338,92.7148
CZ01,Heating Tertiary,1339,94.712
CZ01,Heating Tertiary,1340,100.84100000000001
CZ01,Heating Tertiary,1341,113.111
CZ01,Heating Tertiary,1342,131.475
CZ01,Heating Tertiary,1343,153.328
CZ01,Heating Tertiary,1344,174.21400000000003
CZ01,Heating Tertiary,1345,190.46200000000002
CZ01,Heating Tertiary,1346,200.34099999999998
CZ01,Heating Tertiary,1347,205.43900000000002
CZ01,Heating Tertiary,1348,207.608
CZ01,Heating Tertiary,1349,204.41299999999998
CZ01,Heating Tertiary,1350,192.93200000000002
CZ01,Heating Tertiary,1351,174.343
CZ01,Heating Tertiary,1352,152.609
CZ01,Heating Tertiary,1353,132.901
CZ01,Heating Tertiary,1354,117.51100000000001
CZ01,Heating Tertiary,1355,106.898
CZ01,Heating Tertiary,1356,98.9326
CZ01,Heating Tertiary,1357,93.4876
CZ01,Heating Tertiary,1358,90.9558
CZ01,Heating Tertiary,1359,90.9707
CZ01,Heating Tertiary,1360,91.961
CZ01,Heating Tertiary,1361,92.2827
CZ01,Heating Tertiary,1362,92.7148
CZ01,Heating Tertiary,1363,94.712
CZ01,Heating Tertiary,1364,100.84100000000001
CZ01,Heating Tertiary,1365,113.111
CZ01,Heating Tertiary,1366,131.475
CZ01,Heating Tertiary,1367,153.328
CZ01,Heating Tertiary,1368,174.21400000000003
CZ01,Heating Tertiary,1369,210.387
CZ01,Heating Tertiary,1370,216.227
CZ01,Heating Tertiary,1371,219.60299999999998
CZ01,Heating Tertiary,1372,217.149
CZ01,Heating Tertiary,1373,206.06400000000002
CZ01,Heating Tertiary,1374,187.475
CZ01,Heating Tertiary,1375,165.197
CZ01,Heating Tertiary,1376,143.482
CZ01,Heating Tertiary,1377,125.915
CZ01,Heating Tertiary,1378,113.37100000000001
CZ01,Heating Tertiary,1379,104.19
CZ01,Heating Tertiary,1380,97.5827
CZ01,Heating Tertiary,1381,94.5049
CZ01,Heating Tertiary,1382,94.7414
CZ01,Heating Tertiary,1383,96.07799999999999
CZ01,Heating Tertiary,1384,96.54700000000001
CZ01,Heating Tertiary,1385,96.4244
CZ01,Heating Tertiary,1386,97.3934
CZ01,Heating Tertiary,1387,102.56299999999999
CZ01,Heating Tertiary,1388,115.306
CZ01,Heating Tertiary,1389,135.575
CZ01,Heating Tertiary,1390,160.60399999999996
CZ01,Heating Tertiary,1391,183.53
CZ01,Heating Tertiary,1392,200.608
CZ01,Heating Tertiary,1393,235.202
CZ01,Heating Tertiary,1394,241.454
CZ01,Heating Tertiary,1395,243.93900000000002
CZ01,Heating Tertiary,1396,240.204
CZ01,Heating Tertiary,1397,227.972
CZ01,Heating Tertiary,1398,207.949
CZ01,Heating Tertiary,1399,183.83900000000003
CZ01,Heating Tertiary,1400,160.872
CZ01,Heating Tertiary,1401,142.975
CZ01,Heating Tertiary,1402,130.704
CZ01,Heating Tertiary,1403,121.315
CZ01,Heating Tertiary,1404,113.90799999999999
CZ01,Heating Tertiary,1405,109.78299999999999
CZ01,Heating Tertiary,1406,107.90100000000001
CZ01,Heating Tertiary,1407,107.12799999999999
CZ01,Heating Tertiary,1408,105.73200000000001
CZ01,Heating Tertiary,1409,105.13600000000001
CZ01,Heating Tertiary,1410,106.71799999999999
CZ01,Heating Tertiary,1411,112.961
CZ01,Heating Tertiary,1412,126.37299999999999
CZ01,Heating Tertiary,1413,146.73
CZ01,Heating Tertiary,1414,172.468
CZ01,Heating Tertiary,1415,199.303
CZ01,Heating Tertiary,1416,221.338
CZ01,Heating Tertiary,1417,159.84
CZ01,Heating Tertiary,1418,168.13099999999997
CZ01,Heating Tertiary,1419,172.40900000000005
CZ01,Heating Tertiary,1420,174.23
CZ01,Heating Tertiary,1421,171.548
CZ01,Heating Tertiary,1422,161.914
CZ01,Heating Tertiary,1423,146.312
CZ01,Heating Tertiary,1424,128.07399999999998
CZ01,Heating Tertiary,1425,111.53299999999999
CZ01,Heating Tertiary,1426,98.6179
CZ01,Heating Tertiary,1427,89.7112
CZ01,Heating Tertiary,1428,83.0267
CZ01,Heating Tertiary,1429,78.4574
CZ01,Heating Tertiary,1430,76.3324
CZ01,Heating Tertiary,1431,76.345
CZ01,Heating Tertiary,1432,77.1759
CZ01,Heating Tertiary,1433,77.4458
CZ01,Heating Tertiary,1434,77.8083
CZ01,Heating Tertiary,1435,79.4845
CZ01,Heating Tertiary,1436,84.62799999999999
CZ01,Heating Tertiary,1437,94.9255
CZ01,Heating Tertiary,1438,110.337
CZ01,Heating Tertiary,1439,128.67700000000002
CZ01,Heating Tertiary,1440,146.204
CZ01,Heating Tertiary,1441,190.46200000000002
CZ01,Heating Tertiary,1442,200.34099999999998
CZ01,Heating Tertiary,1443,205.43900000000002
CZ01,Heating Tertiary,1444,207.608
CZ01,Heating Tertiary,1445,204.41299999999998
CZ01,Heating Tertiary,1446,192.93200000000002
CZ01,Heating Tertiary,1447,174.343
CZ01,Heating Tertiary,1448,152.609
CZ01,Heating Tertiary,1449,132.901
CZ01,Heating Tertiary,1450,117.51100000000001
CZ01,Heating Tertiary,1451,106.898
CZ01,Heating Tertiary,1452,98.9326
CZ01,Heating Tertiary,1453,93.4876
CZ01,Heating Tertiary,1454,90.9558
CZ01,Heating Tertiary,1455,90.9707
CZ01,Heating Tertiary,1456,91.961
CZ01,Heating Tertiary,1457,92.2827
CZ01,Heating Tertiary,1458,92.7148
CZ01,Heating Tertiary,1459,94.712
CZ01,Heating Tertiary,1460,100.84100000000001
CZ01,Heating Tertiary,1461,113.111
CZ01,Heating Tertiary,1462,131.475
CZ01,Heating Tertiary,1463,153.328
CZ01,Heating Tertiary,1464,174.21400000000003
CZ01,Heating Tertiary,1465,242.90900000000002
CZ01,Heating Tertiary,1466,255.50799999999998
CZ01,Heating Tertiary,1467,262.01099999999997
CZ01,Heating Tertiary,1468,264.777
CZ01,Heating Tertiary,1469,260.702
CZ01,Heating Tertiary,1470,246.06
CZ01,Heating Tertiary,1471,222.351
CZ01,Heating Tertiary,1472,194.63299999999998
CZ01,Heating Tertiary,1473,169.498
CZ01,Heating Tertiary,1474,149.869
CZ01,Heating Tertiary,1475,136.335
CZ01,Heating Tertiary,1476,126.176
CZ01,Heating Tertiary,1477,119.23100000000001
CZ01,Heating Tertiary,1478,116.00299999999999
CZ01,Heating Tertiary,1479,116.022
CZ01,Heating Tertiary,1480,117.285
CZ01,Heating Tertiary,1481,117.695
CZ01,Heating Tertiary,1482,118.24600000000001
CZ01,Heating Tertiary,1483,120.79299999999999
CZ01,Heating Tertiary,1484,128.609
CZ01,Heating Tertiary,1485,144.25799999999995
CZ01,Heating Tertiary,1486,167.679
CZ01,Heating Tertiary,1487,195.55
CZ01,Heating Tertiary,1488,222.187
CZ01,Heating Tertiary,1489,261.91200000000003
CZ01,Heating Tertiary,1490,275.497
CZ01,Heating Tertiary,1491,282.508
CZ01,Heating Tertiary,1492,285.491
CZ01,Heating Tertiary,1493,281.097
CZ01,Heating Tertiary,1494,265.31
CZ01,Heating Tertiary,1495,239.74599999999998
CZ01,Heating Tertiary,1496,209.859
CZ01,Heating Tertiary,1497,182.75799999999998
CZ01,Heating Tertiary,1498,161.594
CZ01,Heating Tertiary,1499,147.0
CZ01,Heating Tertiary,1500,136.046
CZ01,Heating Tertiary,1501,128.559
CZ01,Heating Tertiary,1502,125.07700000000001
CZ01,Heating Tertiary,1503,125.098
CZ01,Heating Tertiary,1504,126.46
CZ01,Heating Tertiary,1505,126.902
CZ01,Heating Tertiary,1506,127.49600000000001
CZ01,Heating Tertiary,1507,130.24200000000002
CZ01,Heating Tertiary,1508,138.67
CZ01,Heating Tertiary,1509,155.54399999999995
CZ01,Heating Tertiary,1510,180.796
CZ01,Heating Tertiary,1511,210.84799999999998
CZ01,Heating Tertiary,1512,239.56900000000002
CZ01,Heating Tertiary,1513,296.877
CZ01,Heating Tertiary,1514,312.276
CZ01,Heating Tertiary,1515,320.223
CZ01,Heating Tertiary,1516,323.6040000000001
CZ01,Heating Tertiary,1517,318.623
CZ01,Heating Tertiary,1518,300.7290000000001
CZ01,Heating Tertiary,1519,271.752
CZ01,Heating Tertiary,1520,237.875
CZ01,Heating Tertiary,1521,207.15599999999998
CZ01,Heating Tertiary,1522,183.167
CZ01,Heating Tertiary,1523,166.62400000000005
CZ01,Heating Tertiary,1524,154.209
CZ01,Heating Tertiary,1525,145.721
CZ01,Heating Tertiary,1526,141.775
CZ01,Heating Tertiary,1527,141.798
CZ01,Heating Tertiary,1528,143.342
CZ01,Heating Tertiary,1529,143.843
CZ01,Heating Tertiary,1530,144.516
CZ01,Heating Tertiary,1531,147.629
CZ01,Heating Tertiary,1532,157.18200000000004
CZ01,Heating Tertiary,1533,176.308
CZ01,Heating Tertiary,1534,204.93200000000002
CZ01,Heating Tertiary,1535,238.997
CZ01,Heating Tertiary,1536,271.551
CZ01,Heating Tertiary,1537,370.155
CZ01,Heating Tertiary,1538,380.431
CZ01,Heating Tertiary,1539,386.37
CZ01,Heating Tertiary,1540,382.05400000000003
CZ01,Heating Tertiary,1541,362.55
CZ01,Heating Tertiary,1542,329.845
CZ01,Heating Tertiary,1543,290.649
CZ01,Heating Tertiary,1544,252.44299999999998
CZ01,Heating Tertiary,1545,221.53599999999997
CZ01,Heating Tertiary,1546,199.46599999999998
CZ01,Heating Tertiary,1547,183.313
CZ01,Heating Tertiary,1548,171.688
CZ01,Heating Tertiary,1549,166.273
CZ01,Heating Tertiary,1550,166.68900000000005
CZ01,Heating Tertiary,1551,169.04
CZ01,Heating Tertiary,1552,169.865
CZ01,Heating Tertiary,1553,169.65
CZ01,Heating Tertiary,1554,171.355
CZ01,Heating Tertiary,1555,180.451
CZ01,Heating Tertiary,1556,202.87099999999998
CZ01,Heating Tertiary,1557,238.532
CZ01,Heating Tertiary,1558,282.567
CZ01,Heating Tertiary,1559,322.904
CZ01,Heating Tertiary,1560,352.95099999999996
CZ01,Heating Tertiary,1561,428.44800000000004
CZ01,Heating Tertiary,1562,439.836
CZ01,Heating Tertiary,1563,444.36400000000003
CZ01,Heating Tertiary,1564,437.56
CZ01,Heating Tertiary,1565,415.277
CZ01,Heating Tertiary,1566,378.80400000000003
CZ01,Heating Tertiary,1567,334.8830000000001
CZ01,Heating Tertiary,1568,293.047
CZ01,Heating Tertiary,1569,260.447
CZ01,Heating Tertiary,1570,238.09099999999998
CZ01,Heating Tertiary,1571,220.99
CZ01,Heating Tertiary,1572,207.497
CZ01,Heating Tertiary,1573,199.982
CZ01,Heating Tertiary,1574,196.554
CZ01,Heating Tertiary,1575,195.146
CZ01,Heating Tertiary,1576,192.60299999999998
CZ01,Heating Tertiary,1577,191.517
CZ01,Heating Tertiary,1578,194.398
CZ01,Heating Tertiary,1579,205.771
CZ01,Heating Tertiary,1580,230.204
CZ01,Heating Tertiary,1581,267.286
CZ01,Heating Tertiary,1582,314.171
CZ01,Heating Tertiary,1583,363.05300000000005
CZ01,Heating Tertiary,1584,403.19199999999995
CZ01,Heating Tertiary,1585,355.84
CZ01,Heating Tertiary,1586,374.29699999999997
CZ01,Heating Tertiary,1587,383.82199999999995
CZ01,Heating Tertiary,1588,387.875
CZ01,Heating Tertiary,1589,381.905
CZ01,Heating Tertiary,1590,360.45599999999996
CZ01,Heating Tertiary,1591,325.724
CZ01,Heating Tertiary,1592,285.119
CZ01,Heating Tertiary,1593,248.299
CZ01,Heating Tertiary,1594,219.545
CZ01,Heating Tertiary,1595,199.718
CZ01,Heating Tertiary,1596,184.83599999999998
CZ01,Heating Tertiary,1597,174.66299999999995
CZ01,Heating Tertiary,1598,169.933
CZ01,Heating Tertiary,1599,169.96099999999996
CZ01,Heating Tertiary,1600,171.81099999999995
CZ01,Heating Tertiary,1601,172.412
CZ01,Heating Tertiary,1602,173.21900000000005
CZ01,Heating Tertiary,1603,176.95
CZ01,Heating Tertiary,1604,188.4
CZ01,Heating Tertiary,1605,211.325
CZ01,Heating Tertiary,1606,245.63400000000001
CZ01,Heating Tertiary,1607,286.464
CZ01,Heating Tertiary,1608,325.483
CZ01,Heating Tertiary,1609,355.84
CZ01,Heating Tertiary,1610,374.29699999999997
CZ01,Heating Tertiary,1611,383.82199999999995
CZ01,Heating Tertiary,1612,387.875
CZ01,Heating Tertiary,1613,381.905
CZ01,Heating Tertiary,1614,360.45599999999996
CZ01,Heating Tertiary,1615,325.724
CZ01,Heating Tertiary,1616,285.119
CZ01,Heating Tertiary,1617,248.299
CZ01,Heating Tertiary,1618,219.545
CZ01,Heating Tertiary,1619,199.718
CZ01,Heating Tertiary,1620,184.83599999999998
CZ01,Heating Tertiary,1621,174.66299999999995
CZ01,Heating Tertiary,1622,169.933
CZ01,Heating Tertiary,1623,169.96099999999996
CZ01,Heating Tertiary,1624,171.81099999999995
CZ01,Heating Tertiary,1625,172.412
CZ01,Heating Tertiary,1626,173.21900000000005
CZ01,Heating Tertiary,1627,176.95
CZ01,Heating Tertiary,1628,188.4
CZ01,Heating Tertiary,1629,211.325
CZ01,Heating Tertiary,1630,245.63400000000001
CZ01,Heating Tertiary,1631,286.464
CZ01,Heating Tertiary,1632,325.483
CZ01,Heating Tertiary,1633,355.84
CZ01,Heating Tertiary,1634,374.29699999999997
CZ01,Heating Tertiary,1635,383.82199999999995
CZ01,Heating Tertiary,1636,387.875
CZ01,Heating Tertiary,1637,381.905
CZ01,Heating Tertiary,1638,360.45599999999996
CZ01,Heating Tertiary,1639,325.724
CZ01,Heating Tertiary,1640,285.119
CZ01,Heating Tertiary,1641,248.299
CZ01,Heating Tertiary,1642,219.545
CZ01,Heating Tertiary,1643,199.718
CZ01,Heating Tertiary,1644,184.83599999999998
CZ01,Heating Tertiary,1645,174.66299999999995
CZ01,Heating Tertiary,1646,169.933
CZ01,Heating Tertiary,1647,169.96099999999996
CZ01,Heating Tertiary,1648,171.81099999999995
CZ01,Heating Tertiary,1649,172.412
CZ01,Heating Tertiary,1650,173.21900000000005
CZ01,Heating Tertiary,1651,176.95
CZ01,Heating Tertiary,1652,188.4
CZ01,Heating Tertiary,1653,211.325
CZ01,Heating Tertiary,1654,245.63400000000001
CZ01,Heating Tertiary,1655,286.464
CZ01,Heating Tertiary,1656,325.483
CZ01,Heating Tertiary,1657,314.903
CZ01,Heating Tertiary,1658,331.236
CZ01,Heating Tertiary,1659,339.665
CZ01,Heating Tertiary,1660,343.2519999999999
CZ01,Heating Tertiary,1661,337.968
CZ01,Heating Tertiary,1662,318.987
CZ01,Heating Tertiary,1663,288.251
CZ01,Heating Tertiary,1664,252.31799999999998
CZ01,Heating Tertiary,1665,219.734
CZ01,Heating Tertiary,1666,194.28799999999998
CZ01,Heating Tertiary,1667,176.74200000000005
CZ01,Heating Tertiary,1668,163.572
CZ01,Heating Tertiary,1669,154.569
CZ01,Heating Tertiary,1670,150.38299999999995
CZ01,Heating Tertiary,1671,150.408
CZ01,Heating Tertiary,1672,152.045
CZ01,Heating Tertiary,1673,152.577
CZ01,Heating Tertiary,1674,153.291
CZ01,Heating Tertiary,1675,156.593
CZ01,Heating Tertiary,1676,166.726
CZ01,Heating Tertiary,1677,187.013
CZ01,Heating Tertiary,1678,217.375
CZ01,Heating Tertiary,1679,253.50799999999998
CZ01,Heating Tertiary,1680,288.039
CZ01,Heating Tertiary,1681,279.72
CZ01,Heating Tertiary,1682,294.2290000000001
CZ01,Heating Tertiary,1683,301.717
CZ01,Heating Tertiary,1684,304.903
CZ01,Heating Tertiary,1685,300.21
CZ01,Heating Tertiary,1686,283.349
CZ01,Heating Tertiary,1687,256.046
CZ01,Heating Tertiary,1688,224.128
CZ01,Heating Tertiary,1689,195.18400000000003
CZ01,Heating Tertiary,1690,172.581
CZ01,Heating Tertiary,1691,156.995
CZ01,Heating Tertiary,1692,145.297
CZ01,Heating Tertiary,1693,137.3
CZ01,Heating Tertiary,1694,133.582
CZ01,Heating Tertiary,1695,133.60399999999998
CZ01,Heating Tertiary,1696,135.058
CZ01,Heating Tertiary,1697,135.531
CZ01,Heating Tertiary,1698,136.164
CZ01,Heating Tertiary,1699,139.09799999999998
CZ01,Heating Tertiary,1700,148.099
CZ01,Heating Tertiary,1701,166.11900000000003
CZ01,Heating Tertiary,1702,193.08900000000003
CZ01,Heating Tertiary,1703,225.18400000000003
CZ01,Heating Tertiary,1704,255.858
CZ01,Heating Tertiary,1705,228.61900000000003
CZ01,Heating Tertiary,1706,234.965
CZ01,Heating Tertiary,1707,238.63299999999998
CZ01,Heating Tertiary,1708,235.968
CZ01,Heating Tertiary,1709,223.921
CZ01,Heating Tertiary,1710,203.72099999999998
CZ01,Heating Tertiary,1711,179.513
CZ01,Heating Tertiary,1712,155.916
CZ01,Heating Tertiary,1713,136.827
CZ01,Heating Tertiary,1714,123.196
CZ01,Heating Tertiary,1715,113.219
CZ01,Heating Tertiary,1716,106.039
CZ01,Heating Tertiary,1717,102.695
CZ01,Heating Tertiary,1718,102.95100000000001
CZ01,Heating Tertiary,1719,104.404
CZ01,Heating Tertiary,1720,104.913
CZ01,Heating Tertiary,1721,104.781
CZ01,Heating Tertiary,1722,105.834
CZ01,Heating Tertiary,1723,111.45100000000001
CZ01,Heating Tertiary,1724,125.29899999999999
CZ01,Heating Tertiary,1725,147.32399999999996
CZ01,Heating Tertiary,1726,174.521
CZ01,Heating Tertiary,1727,199.435
CZ01,Heating Tertiary,1728,217.99200000000002
CZ01,Heating Tertiary,1729,254.946
CZ01,Heating Tertiary,1730,261.723
CZ01,Heating Tertiary,1731,264.41700000000003
CZ01,Heating Tertiary,1732,260.368
CZ01,Heating Tertiary,1733,247.109
CZ01,Heating Tertiary,1734,225.405
CZ01,Heating Tertiary,1735,199.271
CZ01,Heating Tertiary,1736,174.377
CZ01,Heating Tertiary,1737,154.977
CZ01,Heating Tertiary,1738,141.67600000000004
CZ01,Heating Tertiary,1739,131.499
CZ01,Heating Tertiary,1740,123.47
CZ01,Heating Tertiary,1741,118.999
CZ01,Heating Tertiary,1742,116.959
CZ01,Heating Tertiary,1743,116.12100000000001
CZ01,Heating Tertiary,1744,114.60700000000001
CZ01,Heating Tertiary,1745,113.962
CZ01,Heating Tertiary,1746,115.676
CZ01,Heating Tertiary,1747,122.444
CZ01,Heating Tertiary,1748,136.981
CZ01,Heating Tertiary,1749,159.047
CZ01,Heating Tertiary,1750,186.946
CZ01,Heating Tertiary,1751,216.033
CZ01,Heating Tertiary,1752,239.918
CZ01,Heating Tertiary,1753,206.967
CZ01,Heating Tertiary,1754,217.702
CZ01,Heating Tertiary,1755,223.24200000000002
CZ01,Heating Tertiary,1756,225.59900000000002
CZ01,Heating Tertiary,1757,222.127
CZ01,Heating Tertiary,1758,209.65200000000002
CZ01,Heating Tertiary,1759,189.451
CZ01,Heating Tertiary,1760,165.834
CZ01,Heating Tertiary,1761,144.418
CZ01,Heating Tertiary,1762,127.694
CZ01,Heating Tertiary,1763,116.161
CZ01,Heating Tertiary,1764,107.506
CZ01,Heating Tertiary,1765,101.589
CZ01,Heating Tertiary,1766,98.8383
CZ01,Heating Tertiary,1767,98.8544
CZ01,Heating Tertiary,1768,99.9304
CZ01,Heating Tertiary,1769,100.28
CZ01,Heating Tertiary,1770,100.749
CZ01,Heating Tertiary,1771,102.92
CZ01,Heating Tertiary,1772,109.579
CZ01,Heating Tertiary,1773,122.913
CZ01,Heating Tertiary,1774,142.868
CZ01,Heating Tertiary,1775,166.615
CZ01,Heating Tertiary,1776,189.31099999999998
CZ01,Heating Tertiary,1777,261.91200000000003
CZ01,Heating Tertiary,1778,275.497
CZ01,Heating Tertiary,1779,282.508
CZ01,Heating Tertiary,1780,285.491
CZ01,Heating Tertiary,1781,281.097
CZ01,Heating Tertiary,1782,265.31
CZ01,Heating Tertiary,1783,239.74599999999998
CZ01,Heating Tertiary,1784,209.859
CZ01,Heating Tertiary,1785,182.75799999999998
CZ01,Heating Tertiary,1786,161.594
CZ01,Heating Tertiary,1787,147.0
CZ01,Heating Tertiary,1788,136.046
CZ01,Heating Tertiary,1789,128.559
CZ01,Heating Tertiary,1790,125.07700000000001
CZ01,Heating Tertiary,1791,125.098
CZ01,Heating Tertiary,1792,126.46
CZ01,Heating Tertiary,1793,126.902
CZ01,Heating Tertiary,1794,127.49600000000001
CZ01,Heating Tertiary,1795,130.24200000000002
CZ01,Heating Tertiary,1796,138.67
CZ01,Heating Tertiary,1797,155.54399999999995
CZ01,Heating Tertiary,1798,180.796
CZ01,Heating Tertiary,1799,210.84799999999998
CZ01,Heating Tertiary,1800,239.56900000000002
CZ01,Heating Tertiary,1801,242.90900000000002
CZ01,Heating Tertiary,1802,255.50799999999998
CZ01,Heating Tertiary,1803,262.01099999999997
CZ01,Heating Tertiary,1804,264.777
CZ01,Heating Tertiary,1805,260.702
CZ01,Heating Tertiary,1806,246.06
CZ01,Heating Tertiary,1807,222.351
CZ01,Heating Tertiary,1808,194.63299999999998
CZ01,Heating Tertiary,1809,169.498
CZ01,Heating Tertiary,1810,149.869
CZ01,Heating Tertiary,1811,136.335
CZ01,Heating Tertiary,1812,126.176
CZ01,Heating Tertiary,1813,119.23100000000001
CZ01,Heating Tertiary,1814,116.00299999999999
CZ01,Heating Tertiary,1815,116.022
CZ01,Heating Tertiary,1816,117.285
CZ01,Heating Tertiary,1817,117.695
CZ01,Heating Tertiary,1818,118.24600000000001
CZ01,Heating Tertiary,1819,120.79299999999999
CZ01,Heating Tertiary,1820,128.609
CZ01,Heating Tertiary,1821,144.25799999999995
CZ01,Heating Tertiary,1822,167.679
CZ01,Heating Tertiary,1823,195.55
CZ01,Heating Tertiary,1824,222.187
CZ01,Heating Tertiary,1825,190.46200000000002
CZ01,Heating Tertiary,1826,200.34099999999998
CZ01,Heating Tertiary,1827,205.43900000000002
CZ01,Heating Tertiary,1828,207.608
CZ01,Heating Tertiary,1829,204.41299999999998
CZ01,Heating Tertiary,1830,192.93200000000002
CZ01,Heating Tertiary,1831,174.343
CZ01,Heating Tertiary,1832,152.609
CZ01,Heating Tertiary,1833,132.901
CZ01,Heating Tertiary,1834,117.51100000000001
CZ01,Heating Tertiary,1835,106.898
CZ01,Heating Tertiary,1836,98.9326
CZ01,Heating Tertiary,1837,93.4876
CZ01,Heating Tertiary,1838,90.9558
CZ01,Heating Tertiary,1839,90.9707
CZ01,Heating Tertiary,1840,91.961
CZ01,Heating Tertiary,1841,92.2827
CZ01,Heating Tertiary,1842,92.7148
CZ01,Heating Tertiary,1843,94.712
CZ01,Heating Tertiary,1844,100.84100000000001
CZ01,Heating Tertiary,1845,113.111
CZ01,Heating Tertiary,1846,131.475
CZ01,Heating Tertiary,1847,153.328
CZ01,Heating Tertiary,1848,174.21400000000003
CZ01,Heating Tertiary,1849,159.84
CZ01,Heating Tertiary,1850,168.13099999999997
CZ01,Heating Tertiary,1851,172.40900000000005
CZ01,Heating Tertiary,1852,174.23
CZ01,Heating Tertiary,1853,171.548
CZ01,Heating Tertiary,1854,161.914
CZ01,Heating Tertiary,1855,146.312
CZ01,Heating Tertiary,1856,128.07399999999998
CZ01,Heating Tertiary,1857,111.53299999999999
CZ01,Heating Tertiary,1858,98.6179
CZ01,Heating Tertiary,1859,89.7112
CZ01,Heating Tertiary,1860,83.0267
CZ01,Heating Tertiary,1861,78.4574
CZ01,Heating Tertiary,1862,76.3324
CZ01,Heating Tertiary,1863,76.345
CZ01,Heating Tertiary,1864,77.1759
CZ01,Heating Tertiary,1865,77.4458
CZ01,Heating Tertiary,1866,77.8083
CZ01,Heating Tertiary,1867,79.4845
CZ01,Heating Tertiary,1868,84.62799999999999
CZ01,Heating Tertiary,1869,94.9255
CZ01,Heating Tertiary,1870,110.337
CZ01,Heating Tertiary,1871,128.67700000000002
CZ01,Heating Tertiary,1872,146.204
CZ01,Heating Tertiary,1873,142.856
CZ01,Heating Tertiary,1874,146.822
CZ01,Heating Tertiary,1875,149.114
CZ01,Heating Tertiary,1876,147.44899999999996
CZ01,Heating Tertiary,1877,139.921
CZ01,Heating Tertiary,1878,127.29899999999999
CZ01,Heating Tertiary,1879,112.17200000000001
CZ01,Heating Tertiary,1880,97.4268
CZ01,Heating Tertiary,1881,85.4986
CZ01,Heating Tertiary,1882,76.9814
CZ01,Heating Tertiary,1883,70.7469
CZ01,Heating Tertiary,1884,66.26100000000001
CZ01,Heating Tertiary,1885,64.1706
CZ01,Heating Tertiary,1886,64.3311
CZ01,Heating Tertiary,1887,65.2385
CZ01,Heating Tertiary,1888,65.5573
CZ01,Heating Tertiary,1889,65.4739
CZ01,Heating Tertiary,1890,66.1321
CZ01,Heating Tertiary,1891,69.6427
CZ01,Heating Tertiary,1892,78.2951
CZ01,Heating Tertiary,1893,92.0583
CZ01,Heating Tertiary,1894,109.053
CZ01,Heating Tertiary,1895,124.62100000000001
CZ01,Heating Tertiary,1896,136.217
CZ01,Heating Tertiary,1897,111.801
CZ01,Heating Tertiary,1898,114.773
CZ01,Heating Tertiary,1899,115.954
CZ01,Heating Tertiary,1900,114.179
CZ01,Heating Tertiary,1901,108.36399999999999
CZ01,Heating Tertiary,1902,98.8469
CZ01,Heating Tertiary,1903,87.3859
CZ01,Heating Tertiary,1904,76.4693
CZ01,Heating Tertiary,1905,67.9619
CZ01,Heating Tertiary,1906,62.1284
CZ01,Heating Tertiary,1907,57.6662
CZ01,Heating Tertiary,1908,54.1452
CZ01,Heating Tertiary,1909,52.1843
CZ01,Heating Tertiary,1910,51.2897
CZ01,Heating Tertiary,1911,50.9223
CZ01,Heating Tertiary,1912,50.2586
CZ01,Heating Tertiary,1913,49.9755
CZ01,Heating Tertiary,1914,50.7273
CZ01,Heating Tertiary,1915,53.695
CZ01,Heating Tertiary,1916,60.0702
CZ01,Heating Tertiary,1917,69.7468
CZ01,Heating Tertiary,1918,81.9811
CZ01,Heating Tertiary,1919,94.7368
CZ01,Heating Tertiary,1920,105.211
CZ01,Heating Tertiary,1921,83.3949
CZ01,Heating Tertiary,1922,87.7203
CZ01,Heating Tertiary,1923,89.9528
CZ01,Heating Tertiary,1924,90.9028
CZ01,Heating Tertiary,1925,89.5034
CZ01,Heating Tertiary,1926,84.4767
CZ01,Heating Tertiary,1927,76.337
CZ01,Heating Tertiary,1928,66.8209
CZ01,Heating Tertiary,1929,58.1915
CZ01,Heating Tertiary,1930,51.4528
CZ01,Heating Tertiary,1931,46.806000000000004
CZ01,Heating Tertiary,1932,43.3183
CZ01,Heating Tertiary,1933,40.9342
CZ01,Heating Tertiary,1934,39.8256
CZ01,Heating Tertiary,1935,39.8322
CZ01,Heating Tertiary,1936,40.2658
CZ01,Heating Tertiary,1937,40.4066
CZ01,Heating Tertiary,1938,40.5957
CZ01,Heating Tertiary,1939,41.4702
CZ01,Heating Tertiary,1940,44.1536
CZ01,Heating Tertiary,1941,49.5263
CZ01,Heating Tertiary,1942,57.5672
CZ01,Heating Tertiary,1943,67.1356
CZ01,Heating Tertiary,1944,76.2806
CZ01,Heating Tertiary,1945,145.398
CZ01,Heating Tertiary,1946,152.94
CZ01,Heating Tertiary,1947,156.832
CZ01,Heating Tertiary,1948,158.488
CZ01,Heating Tertiary,1949,156.048
CZ01,Heating Tertiary,1950,147.284
CZ01,Heating Tertiary,1951,133.093
CZ01,Heating Tertiary,1952,116.50200000000001
CZ01,Heating Tertiary,1953,101.456
CZ01,Heating Tertiary,1954,89.7071
CZ01,Heating Tertiary,1955,81.60600000000002
CZ01,Heating Tertiary,1956,75.5251
CZ01,Heating Tertiary,1957,71.3683
CZ01,Heating Tertiary,1958,69.4355
CZ01,Heating Tertiary,1959,69.4471
CZ01,Heating Tertiary,1960,70.2031
CZ01,Heating Tertiary,1961,70.4488
CZ01,Heating Tertiary,1962,70.778
CZ01,Heating Tertiary,1963,72.3028
CZ01,Heating Tertiary,1964,76.9814
CZ01,Heating Tertiary,1965,86.3485
CZ01,Heating Tertiary,1966,100.367
CZ01,Heating Tertiary,1967,117.05
CZ01,Heating Tertiary,1968,132.994
CZ01,Heating Tertiary,1969,113.691
CZ01,Heating Tertiary,1970,119.587
CZ01,Heating Tertiary,1971,122.631
CZ01,Heating Tertiary,1972,123.926
CZ01,Heating Tertiary,1973,122.01899999999999
CZ01,Heating Tertiary,1974,115.165
CZ01,Heating Tertiary,1975,104.069
CZ01,Heating Tertiary,1976,91.0956
CZ01,Heating Tertiary,1977,79.3314
CZ01,Heating Tertiary,1978,70.1444
CZ01,Heating Tertiary,1979,63.8098
CZ01,Heating Tertiary,1980,59.0552
CZ01,Heating Tertiary,1981,55.8048
CZ01,Heating Tertiary,1982,54.2935
CZ01,Heating Tertiary,1983,54.3024
CZ01,Heating Tertiary,1984,54.8936
CZ01,Heating Tertiary,1985,55.0856
CZ01,Heating Tertiary,1986,55.3433
CZ01,Heating Tertiary,1987,56.5355
CZ01,Heating Tertiary,1988,60.1939
CZ01,Heating Tertiary,1989,67.5183
CZ01,Heating Tertiary,1990,78.4798
CZ01,Heating Tertiary,1991,91.5249
CZ01,Heating Tertiary,1992,103.992
CZ01,Heating Tertiary,1993,113.691
CZ01,Heating Tertiary,1994,119.587
CZ01,Heating Tertiary,1995,122.631
CZ01,Heating Tertiary,1996,123.926
CZ01,Heating Tertiary,1997,122.01899999999999
CZ01,Heating Tertiary,1998,115.165
CZ01,Heating Tertiary,1999,104.069
CZ01,Heating Tertiary,2000,91.0956
CZ01,Heating Tertiary,2001,79.3314
CZ01,Heating Tertiary,2002,70.1444
CZ01,Heating Tertiary,2003,63.8098
CZ01,Heating Tertiary,2004,59.0552
CZ01,Heating Tertiary,2005,55.8048
CZ01,Heating Tertiary,2006,54.2935
CZ01,Heating Tertiary,2007,54.3024
CZ01,Heating Tertiary,2008,54.8936
CZ01,Heating Tertiary,2009,55.0856
CZ01,Heating Tertiary,2010,55.3433
CZ01,Heating Tertiary,2011,56.5355
CZ01,Heating Tertiary,2012,60.1939
CZ01,Heating Tertiary,2013,67.5183
CZ01,Heating Tertiary,2014,78.4798
CZ01,Heating Tertiary,2015,91.5249
CZ01,Heating Tertiary,2016,103.992
CZ01,Heating Tertiary,2017,68.0839
CZ01,Heating Tertiary,2018,71.6158
CZ01,Heating Tertiary,2019,73.4381
CZ01,Heating Tertiary,2020,74.2131
CZ01,Heating Tertiary,2021,73.071
CZ01,Heating Tertiary,2022,68.9672
CZ01,Heating Tertiary,2023,62.3218
CZ01,Heating Tertiary,2024,54.553000000000004
CZ01,Heating Tertiary,2025,47.5079
CZ01,Heating Tertiary,2026,42.0064
CZ01,Heating Tertiary,2027,38.2127
CZ01,Heating Tertiary,2028,35.3653
CZ01,Heating Tertiary,2029,33.4189
CZ01,Heating Tertiary,2030,32.5139
CZ01,Heating Tertiary,2031,32.5193
CZ01,Heating Tertiary,2032,32.8732
CZ01,Heating Tertiary,2033,32.9882
CZ01,Heating Tertiary,2034,33.1425
CZ01,Heating Tertiary,2035,33.8566
CZ01,Heating Tertiary,2036,36.0473
CZ01,Heating Tertiary,2037,40.4335
CZ01,Heating Tertiary,2038,46.9981
CZ01,Heating Tertiary,2039,54.8101
CZ01,Heating Tertiary,2040,62.2757
CZ01,Heating Tertiary,2041,75.2069
CZ01,Heating Tertiary,2042,77.2945
CZ01,Heating Tertiary,2043,78.5011
CZ01,Heating Tertiary,2044,77.6242
CZ01,Heating Tertiary,2045,73.6613
CZ01,Heating Tertiary,2046,67.0165
CZ01,Heating Tertiary,2047,59.0529
CZ01,Heating Tertiary,2048,51.2903
CZ01,Heating Tertiary,2049,45.0107
CZ01,Heating Tertiary,2050,40.5266
CZ01,Heating Tertiary,2051,37.2446
CZ01,Heating Tertiary,2052,34.8829
CZ01,Heating Tertiary,2053,33.7825
CZ01,Heating Tertiary,2054,33.867
CZ01,Heating Tertiary,2055,34.3448
CZ01,Heating Tertiary,2056,34.5125
CZ01,Heating Tertiary,2057,34.4687
CZ01,Heating Tertiary,2058,34.8151
CZ01,Heating Tertiary,2059,36.6632
CZ01,Heating Tertiary,2060,41.2184
CZ01,Heating Tertiary,2061,48.4638
CZ01,Heating Tertiary,2062,57.4107
CZ01,Heating Tertiary,2063,65.6062
CZ01,Heating Tertiary,2064,71.7113
CZ01,Heating Tertiary,2065,165.234
CZ01,Heating Tertiary,2066,169.625
CZ01,Heating Tertiary,2067,171.372
CZ01,Heating Tertiary,2068,168.748
CZ01,Heating Tertiary,2069,160.154
CZ01,Heating Tertiary,2070,146.088
CZ01,Heating Tertiary,2071,129.15
CZ01,Heating Tertiary,2072,113.016
CZ01,Heating Tertiary,2073,100.443
CZ01,Heating Tertiary,2074,91.8218
CZ01,Heating Tertiary,2075,85.2264
CZ01,Heating Tertiary,2076,80.0225
CZ01,Heating Tertiary,2077,77.1247
CZ01,Heating Tertiary,2078,75.8024
CZ01,Heating Tertiary,2079,75.2592
CZ01,Heating Tertiary,2080,74.2782
CZ01,Heating Tertiary,2081,73.8598
CZ01,Heating Tertiary,2082,74.971
CZ01,Heating Tertiary,2083,79.3573
CZ01,Heating Tertiary,2084,88.7796
CZ01,Heating Tertiary,2085,103.081
CZ01,Heating Tertiary,2086,121.162
CZ01,Heating Tertiary,2087,140.014
CZ01,Heating Tertiary,2088,155.494
CZ01,Heating Tertiary,2089,145.398
CZ01,Heating Tertiary,2090,152.94
CZ01,Heating Tertiary,2091,156.832
CZ01,Heating Tertiary,2092,158.488
CZ01,Heating Tertiary,2093,156.048
CZ01,Heating Tertiary,2094,147.284
CZ01,Heating Tertiary,2095,133.093
CZ01,Heating Tertiary,2096,116.50200000000001
CZ01,Heating Tertiary,2097,101.456
CZ01,Heating Tertiary,2098,89.7071
CZ01,Heating Tertiary,2099,81.60600000000002
CZ01,Heating Tertiary,2100,75.5251
CZ01,Heating Tertiary,2101,71.3683
CZ01,Heating Tertiary,2102,69.4355
CZ01,Heating Tertiary,2103,69.4471
CZ01,Heating Tertiary,2104,70.2031
CZ01,Heating Tertiary,2105,70.4488
CZ01,Heating Tertiary,2106,70.778
CZ01,Heating Tertiary,2107,72.3028
CZ01,Heating Tertiary,2108,76.9814
CZ01,Heating Tertiary,2109,86.3485
CZ01,Heating Tertiary,2110,100.367
CZ01,Heating Tertiary,2111,117.05
CZ01,Heating Tertiary,2112,132.994
CZ01,Heating Tertiary,2113,113.691
CZ01,Heating Tertiary,2114,119.587
CZ01,Heating Tertiary,2115,122.631
CZ01,Heating Tertiary,2116,123.926
CZ01,Heating Tertiary,2117,122.01899999999999
CZ01,Heating Tertiary,2118,115.165
CZ01,Heating Tertiary,2119,104.069
CZ01,Heating Tertiary,2120,91.0956
CZ01,Heating Tertiary,2121,79.3314
CZ01,Heating Tertiary,2122,70.1444
CZ01,Heating Tertiary,2123,63.8098
CZ01,Heating Tertiary,2124,59.0552
CZ01,Heating Tertiary,2125,55.8048
CZ01,Heating Tertiary,2126,54.2935
CZ01,Heating Tertiary,2127,54.3024
CZ01,Heating Tertiary,2128,54.8936
CZ01,Heating Tertiary,2129,55.0856
CZ01,Heating Tertiary,2130,55.3433
CZ01,Heating Tertiary,2131,56.5355
CZ01,Heating Tertiary,2132,60.1939
CZ01,Heating Tertiary,2133,67.5183
CZ01,Heating Tertiary,2134,78.4798
CZ01,Heating Tertiary,2135,91.5249
CZ01,Heating Tertiary,2136,103.992
CZ01,Heating Tertiary,2137,68.0839
CZ01,Heating Tertiary,2138,71.6158
CZ01,Heating Tertiary,2139,73.4381
CZ01,Heating Tertiary,2140,74.2131
CZ01,Heating Tertiary,2141,73.071
CZ01,Heating Tertiary,2142,68.9672
CZ01,Heating Tertiary,2143,62.3218
CZ01,Heating Tertiary,2144,54.553000000000004
CZ01,Heating Tertiary,2145,47.5079
CZ01,Heating Tertiary,2146,42.0064
CZ01,Heating Tertiary,2147,38.2127
CZ01,Heating Tertiary,2148,35.3653
CZ01,Heating Tertiary,2149,33.4189
CZ01,Heating Tertiary,2150,32.5139
CZ01,Heating Tertiary,2151,32.5193
CZ01,Heating Tertiary,2152,32.8732
CZ01,Heating Tertiary,2153,32.9882
CZ01,Heating Tertiary,2154,33.1425
CZ01,Heating Tertiary,2155,33.8566
CZ01,Heating Tertiary,2156,36.0473
CZ01,Heating Tertiary,2157,40.4335
CZ01,Heating Tertiary,2158,46.9981
CZ01,Heating Tertiary,2159,54.8101
CZ01,Heating Tertiary,2160,62.2757
CZ01,Heating Tertiary,2161,175.042
CZ01,Heating Tertiary,2162,184.122
CZ01,Heating Tertiary,2163,188.80700000000002
CZ01,Heating Tertiary,2164,190.8
CZ01,Heating Tertiary,2165,187.864
CZ01,Heating Tertiary,2166,177.313
CZ01,Heating Tertiary,2167,160.22799999999995
CZ01,Heating Tertiary,2168,140.254
CZ01,Heating Tertiary,2169,122.14200000000001
CZ01,Heating Tertiary,2170,107.99700000000001
CZ01,Heating Tertiary,2171,98.2439
CZ01,Heating Tertiary,2172,90.9236
CZ01,Heating Tertiary,2173,85.9192
CZ01,Heating Tertiary,2174,83.5923
CZ01,Heating Tertiary,2175,83.6061
CZ01,Heating Tertiary,2176,84.5164
CZ01,Heating Tertiary,2177,84.8116
CZ01,Heating Tertiary,2178,85.2086
CZ01,Heating Tertiary,2179,87.0442
CZ01,Heating Tertiary,2180,92.6768
CZ01,Heating Tertiary,2181,103.954
CZ01,Heating Tertiary,2182,120.831
CZ01,Heating Tertiary,2183,140.915
CZ01,Heating Tertiary,2184,160.109
CZ01,Heating Tertiary,2185,175.042
CZ01,Heating Tertiary,2186,184.122
CZ01,Heating Tertiary,2187,188.80700000000002
CZ01,Heating Tertiary,2188,190.8
CZ01,Heating Tertiary,2189,187.864
CZ01,Heating Tertiary,2190,177.313
CZ01,Heating Tertiary,2191,160.22799999999995
CZ01,Heating Tertiary,2192,140.254
CZ01,Heating Tertiary,2193,122.14200000000001
CZ01,Heating Tertiary,2194,107.99700000000001
CZ01,Heating Tertiary,2195,98.2439
CZ01,Heating Tertiary,2196,90.9236
CZ01,Heating Tertiary,2197,85.9192
CZ01,Heating Tertiary,2198,83.5923
CZ01,Heating Tertiary,2199,83.6061
CZ01,Heating Tertiary,2200,84.5164
CZ01,Heating Tertiary,2201,84.8116
CZ01,Heating Tertiary,2202,85.2086
CZ01,Heating Tertiary,2203,87.0442
CZ01,Heating Tertiary,2204,92.6768
CZ01,Heating Tertiary,2205,103.954
CZ01,Heating Tertiary,2206,120.831
CZ01,Heating Tertiary,2207,140.915
CZ01,Heating Tertiary,2208,160.109
CZ01,Heating Tertiary,2209,193.354
CZ01,Heating Tertiary,2210,198.72099999999998
CZ01,Heating Tertiary,2211,201.824
CZ01,Heating Tertiary,2212,199.57
CZ01,Heating Tertiary,2213,189.38099999999997
CZ01,Heating Tertiary,2214,172.298
CZ01,Heating Tertiary,2215,151.82299999999995
CZ01,Heating Tertiary,2216,131.866
CZ01,Heating Tertiary,2217,115.721
CZ01,Heating Tertiary,2218,104.193
CZ01,Heating Tertiary,2219,95.7547
CZ01,Heating Tertiary,2220,89.68299999999998
CZ01,Heating Tertiary,2221,86.8537
CZ01,Heating Tertiary,2222,87.0712
CZ01,Heating Tertiary,2223,88.2997
CZ01,Heating Tertiary,2224,88.7307
CZ01,Heating Tertiary,2225,88.6179
CZ01,Heating Tertiary,2226,89.5086
CZ01,Heating Tertiary,2227,94.2598
CZ01,Heating Tertiary,2228,105.97200000000001
CZ01,Heating Tertiary,2229,124.59899999999999
CZ01,Heating Tertiary,2230,147.601
CZ01,Heating Tertiary,2231,168.672
CZ01,Heating Tertiary,2232,184.36700000000002
CZ01,Heating Tertiary,2233,165.234
CZ01,Heating Tertiary,2234,169.625
CZ01,Heating Tertiary,2235,171.372
CZ01,Heating Tertiary,2236,168.748
CZ01,Heating Tertiary,2237,160.154
CZ01,Heating Tertiary,2238,146.088
CZ01,Heating Tertiary,2239,129.15
CZ01,Heating Tertiary,2240,113.016
CZ01,Heating Tertiary,2241,100.443
CZ01,Heating Tertiary,2242,91.8218
CZ01,Heating Tertiary,2243,85.2264
CZ01,Heating Tertiary,2244,80.0225
CZ01,Heating Tertiary,2245,77.1247
CZ01,Heating Tertiary,2246,75.8024
CZ01,Heating Tertiary,2247,75.2592
CZ01,Heating Tertiary,2248,74.2782
CZ01,Heating Tertiary,2249,73.8598
CZ01,Heating Tertiary,2250,74.971
CZ01,Heating Tertiary,2251,79.3573
CZ01,Heating Tertiary,2252,88.7796
CZ01,Heating Tertiary,2253,103.081
CZ01,Heating Tertiary,2254,121.162
CZ01,Heating Tertiary,2255,140.014
CZ01,Heating Tertiary,2256,155.494
CZ01,Heating Tertiary,2257,129.201
CZ01,Heating Tertiary,2258,132.635
CZ01,Heating Tertiary,2259,134.0
CZ01,Heating Tertiary,2260,131.94799999999998
CZ01,Heating Tertiary,2261,125.229
CZ01,Heating Tertiary,2262,114.23
CZ01,Heating Tertiary,2263,100.986
CZ01,Heating Tertiary,2264,88.3699
CZ01,Heating Tertiary,2265,78.5391
CZ01,Heating Tertiary,2266,71.7976
CZ01,Heating Tertiary,2267,66.6408
CZ01,Heating Tertiary,2268,62.5721
CZ01,Heating Tertiary,2269,60.3056
CZ01,Heating Tertiary,2270,59.2721
CZ01,Heating Tertiary,2271,58.8475
CZ01,Heating Tertiary,2272,58.0805
CZ01,Heating Tertiary,2273,57.753
CZ01,Heating Tertiary,2274,58.6219
CZ01,Heating Tertiary,2275,62.0513
CZ01,Heating Tertiary,2276,69.4189
CZ01,Heating Tertiary,2277,80.6013
CZ01,Heating Tertiary,2278,94.7397
CZ01,Heating Tertiary,2279,109.48
CZ01,Heating Tertiary,2280,121.585
CZ01,Heating Tertiary,2281,159.84
CZ01,Heating Tertiary,2282,168.13099999999997
CZ01,Heating Tertiary,2283,172.40900000000005
CZ01,Heating Tertiary,2284,174.23
CZ01,Heating Tertiary,2285,171.548
CZ01,Heating Tertiary,2286,161.914
CZ01,Heating Tertiary,2287,146.312
CZ01,Heating Tertiary,2288,128.07399999999998
CZ01,Heating Tertiary,2289,111.53299999999999
CZ01,Heating Tertiary,2290,98.6179
CZ01,Heating Tertiary,2291,89.7112
CZ01,Heating Tertiary,2292,83.0267
CZ01,Heating Tertiary,2293,78.4574
CZ01,Heating Tertiary,2294,76.3324
CZ01,Heating Tertiary,2295,76.345
CZ01,Heating Tertiary,2296,77.1759
CZ01,Heating Tertiary,2297,77.4458
CZ01,Heating Tertiary,2298,77.8083
CZ01,Heating Tertiary,2299,79.4845
CZ01,Heating Tertiary,2300,84.62799999999999
CZ01,Heating Tertiary,2301,94.9255
CZ01,Heating Tertiary,2302,110.337
CZ01,Heating Tertiary,2303,128.67700000000002
CZ01,Heating Tertiary,2304,146.204
CZ01,Heating Tertiary,2305,159.84
CZ01,Heating Tertiary,2306,168.13099999999997
CZ01,Heating Tertiary,2307,172.40900000000005
CZ01,Heating Tertiary,2308,174.23
CZ01,Heating Tertiary,2309,171.548
CZ01,Heating Tertiary,2310,161.914
CZ01,Heating Tertiary,2311,146.312
CZ01,Heating Tertiary,2312,128.07399999999998
CZ01,Heating Tertiary,2313,111.53299999999999
CZ01,Heating Tertiary,2314,98.6179
CZ01,Heating Tertiary,2315,89.7112
CZ01,Heating Tertiary,2316,83.0267
CZ01,Heating Tertiary,2317,78.4574
CZ01,Heating Tertiary,2318,76.3324
CZ01,Heating Tertiary,2319,76.345
CZ01,Heating Tertiary,2320,77.1759
CZ01,Heating Tertiary,2321,77.4458
CZ01,Heating Tertiary,2322,77.8083
CZ01,Heating Tertiary,2323,79.4845
CZ01,Heating Tertiary,2324,84.62799999999999
CZ01,Heating Tertiary,2325,94.9255
CZ01,Heating Tertiary,2326,110.337
CZ01,Heating Tertiary,2327,128.67700000000002
CZ01,Heating Tertiary,2328,146.204
CZ01,Heating Tertiary,2329,129.327
CZ01,Heating Tertiary,2330,136.035
CZ01,Heating Tertiary,2331,139.497
CZ01,Heating Tertiary,2332,140.97
CZ01,Heating Tertiary,2333,138.8
CZ01,Heating Tertiary,2334,131.005
CZ01,Heating Tertiary,2335,118.382
CZ01,Heating Tertiary,2336,103.625
CZ01,Heating Tertiary,2337,90.2423
CZ01,Heating Tertiary,2338,79.7923
CZ01,Heating Tertiary,2339,72.5859
CZ01,Heating Tertiary,2340,67.1771
CZ01,Heating Tertiary,2341,63.4801
CZ01,Heating Tertiary,2342,61.7608
CZ01,Heating Tertiary,2343,61.7711
CZ01,Heating Tertiary,2344,62.4432
CZ01,Heating Tertiary,2345,62.6618
CZ01,Heating Tertiary,2346,62.9547
CZ01,Heating Tertiary,2347,64.311
CZ01,Heating Tertiary,2348,68.4729
CZ01,Heating Tertiary,2349,76.8042
CZ01,Heating Tertiary,2350,89.2739
CZ01,Heating Tertiary,2351,104.113
CZ01,Heating Tertiary,2352,118.295
CZ01,Heating Tertiary,2353,98.3797
CZ01,Heating Tertiary,2354,103.48299999999999
CZ01,Heating Tertiary,2355,106.116
CZ01,Heating Tertiary,2356,107.236
CZ01,Heating Tertiary,2357,105.586
CZ01,Heating Tertiary,2358,99.6559
CZ01,Heating Tertiary,2359,90.0535
CZ01,Heating Tertiary,2360,78.8279
CZ01,Heating Tertiary,2361,68.6478
CZ01,Heating Tertiary,2362,60.698
CZ01,Heating Tertiary,2363,55.2164
CZ01,Heating Tertiary,2364,51.102
CZ01,Heating Tertiary,2365,48.2896
CZ01,Heating Tertiary,2366,46.9818
CZ01,Heating Tertiary,2367,46.9895
CZ01,Heating Tertiary,2368,47.50100000000001
CZ01,Heating Tertiary,2369,47.6672
CZ01,Heating Tertiary,2370,47.8902
CZ01,Heating Tertiary,2371,48.9219
CZ01,Heating Tertiary,2372,52.0875
CZ01,Heating Tertiary,2373,58.4257
CZ01,Heating Tertiary,2374,67.9113
CZ01,Heating Tertiary,2375,79.1991
CZ01,Heating Tertiary,2376,89.9874
CZ01,Heating Tertiary,2377,125.584
CZ01,Heating Tertiary,2378,129.07
CZ01,Heating Tertiary,2379,131.086
CZ01,Heating Tertiary,2380,129.621
CZ01,Heating Tertiary,2381,123.00399999999999
CZ01,Heating Tertiary,2382,111.90799999999999
CZ01,Heating Tertiary,2383,98.6098
CZ01,Heating Tertiary,2384,85.6476
CZ01,Heating Tertiary,2385,75.1614
CZ01,Heating Tertiary,2386,67.6736
CZ01,Heating Tertiary,2387,62.1935
CZ01,Heating Tertiary,2388,58.2496
CZ01,Heating Tertiary,2389,56.4119
CZ01,Heating Tertiary,2390,56.553000000000004
CZ01,Heating Tertiary,2391,57.351000000000006
CZ01,Heating Tertiary,2392,57.6311
CZ01,Heating Tertiary,2393,57.558
CZ01,Heating Tertiary,2394,58.1363
CZ01,Heating Tertiary,2395,61.2222
CZ01,Heating Tertiary,2396,68.8291
CZ01,Heating Tertiary,2397,80.9276
CZ01,Heating Tertiary,2398,95.8674
CZ01,Heating Tertiary,2399,109.553
CZ01,Heating Tertiary,2400,119.74700000000001
CZ01,Heating Tertiary,2401,198.922
CZ01,Heating Tertiary,2402,204.21
CZ01,Heating Tertiary,2403,206.312
CZ01,Heating Tertiary,2404,203.153
CZ01,Heating Tertiary,2405,192.80700000000002
CZ01,Heating Tertiary,2406,175.873
CZ01,Heating Tertiary,2407,155.481
CZ01,Heating Tertiary,2408,136.058
CZ01,Heating Tertiary,2409,120.921
CZ01,Heating Tertiary,2410,110.54299999999999
CZ01,Heating Tertiary,2411,102.603
CZ01,Heating Tertiary,2412,96.3381
CZ01,Heating Tertiary,2413,92.8489
CZ01,Heating Tertiary,2414,91.2573
CZ01,Heating Tertiary,2415,90.6036
CZ01,Heating Tertiary,2416,89.4223
CZ01,Heating Tertiary,2417,88.9188
CZ01,Heating Tertiary,2418,90.2567
CZ01,Heating Tertiary,2419,95.5366
CZ01,Heating Tertiary,2420,106.88
CZ01,Heating Tertiary,2421,124.09700000000001
CZ01,Heating Tertiary,2422,145.865
CZ01,Heating Tertiary,2423,168.56
CZ01,Heating Tertiary,2424,187.197
CZ01,Heating Tertiary,2425,190.46200000000002
CZ01,Heating Tertiary,2426,200.34099999999998
CZ01,Heating Tertiary,2427,205.43900000000002
CZ01,Heating Tertiary,2428,207.608
CZ01,Heating Tertiary,2429,204.41299999999998
CZ01,Heating Tertiary,2430,192.93200000000002
CZ01,Heating Tertiary,2431,174.343
CZ01,Heating Tertiary,2432,152.609
CZ01,Heating Tertiary,2433,132.901
CZ01,Heating Tertiary,2434,117.51100000000001
CZ01,Heating Tertiary,2435,106.898
CZ01,Heating Tertiary,2436,98.9326
CZ01,Heating Tertiary,2437,93.4876
CZ01,Heating Tertiary,2438,90.9558
CZ01,Heating Tertiary,2439,90.9707
CZ01,Heating Tertiary,2440,91.961
CZ01,Heating Tertiary,2441,92.2827
CZ01,Heating Tertiary,2442,92.7148
CZ01,Heating Tertiary,2443,94.712
CZ01,Heating Tertiary,2444,100.84100000000001
CZ01,Heating Tertiary,2445,113.111
CZ01,Heating Tertiary,2446,131.475
CZ01,Heating Tertiary,2447,153.328
CZ01,Heating Tertiary,2448,174.21400000000003
CZ01,Heating Tertiary,2449,159.84
CZ01,Heating Tertiary,2450,168.13099999999997
CZ01,Heating Tertiary,2451,172.40900000000005
CZ01,Heating Tertiary,2452,174.23
CZ01,Heating Tertiary,2453,171.548
CZ01,Heating Tertiary,2454,161.914
CZ01,Heating Tertiary,2455,146.312
CZ01,Heating Tertiary,2456,128.07399999999998
CZ01,Heating Tertiary,2457,111.53299999999999
CZ01,Heating Tertiary,2458,98.6179
CZ01,Heating Tertiary,2459,89.7112
CZ01,Heating Tertiary,2460,83.0267
CZ01,Heating Tertiary,2461,78.4574
CZ01,Heating Tertiary,2462,76.3324
CZ01,Heating Tertiary,2463,76.345
CZ01,Heating Tertiary,2464,77.1759
CZ01,Heating Tertiary,2465,77.4458
CZ01,Heating Tertiary,2466,77.8083
CZ01,Heating Tertiary,2467,79.4845
CZ01,Heating Tertiary,2468,84.62799999999999
CZ01,Heating Tertiary,2469,94.9255
CZ01,Heating Tertiary,2470,110.337
CZ01,Heating Tertiary,2471,128.67700000000002
CZ01,Heating Tertiary,2472,146.204
CZ01,Heating Tertiary,2473,113.691
CZ01,Heating Tertiary,2474,119.587
CZ01,Heating Tertiary,2475,122.631
CZ01,Heating Tertiary,2476,123.926
CZ01,Heating Tertiary,2477,122.01899999999999
CZ01,Heating Tertiary,2478,115.165
CZ01,Heating Tertiary,2479,104.069
CZ01,Heating Tertiary,2480,91.0956
CZ01,Heating Tertiary,2481,79.3314
CZ01,Heating Tertiary,2482,70.1444
CZ01,Heating Tertiary,2483,63.8098
CZ01,Heating Tertiary,2484,59.0552
CZ01,Heating Tertiary,2485,55.8048
CZ01,Heating Tertiary,2486,54.2935
CZ01,Heating Tertiary,2487,54.3024
CZ01,Heating Tertiary,2488,54.8936
CZ01,Heating Tertiary,2489,55.0856
CZ01,Heating Tertiary,2490,55.3433
CZ01,Heating Tertiary,2491,56.5355
CZ01,Heating Tertiary,2492,60.1939
CZ01,Heating Tertiary,2493,67.5183
CZ01,Heating Tertiary,2494,78.4798
CZ01,Heating Tertiary,2495,91.5249
CZ01,Heating Tertiary,2496,103.992
CZ01,Heating Tertiary,2497,145.398
CZ01,Heating Tertiary,2498,152.94
CZ01,Heating Tertiary,2499,156.832
CZ01,Heating Tertiary,2500,158.488
CZ01,Heating Tertiary,2501,156.048
CZ01,Heating Tertiary,2502,147.284
CZ01,Heating Tertiary,2503,133.093
CZ01,Heating Tertiary,2504,116.50200000000001
CZ01,Heating Tertiary,2505,101.456
CZ01,Heating Tertiary,2506,89.7071
CZ01,Heating Tertiary,2507,81.60600000000002
CZ01,Heating Tertiary,2508,75.5251
CZ01,Heating Tertiary,2509,71.3683
CZ01,Heating Tertiary,2510,69.4355
CZ01,Heating Tertiary,2511,69.4471
CZ01,Heating Tertiary,2512,70.2031
CZ01,Heating Tertiary,2513,70.4488
CZ01,Heating Tertiary,2514,70.778
CZ01,Heating Tertiary,2515,72.3028
CZ01,Heating Tertiary,2516,76.9814
CZ01,Heating Tertiary,2517,86.3485
CZ01,Heating Tertiary,2518,100.367
CZ01,Heating Tertiary,2519,117.05
CZ01,Heating Tertiary,2520,132.994
CZ01,Heating Tertiary,2521,145.398
CZ01,Heating Tertiary,2522,152.94
CZ01,Heating Tertiary,2523,156.832
CZ01,Heating Tertiary,2524,158.488
CZ01,Heating Tertiary,2525,156.048
CZ01,Heating Tertiary,2526,147.284
CZ01,Heating Tertiary,2527,133.093
CZ01,Heating Tertiary,2528,116.50200000000001
CZ01,Heating Tertiary,2529,101.456
CZ01,Heating Tertiary,2530,89.7071
CZ01,Heating Tertiary,2531,81.60600000000002
CZ01,Heating Tertiary,2532,75.5251
CZ01,Heating Tertiary,2533,71.3683
CZ01,Heating Tertiary,2534,69.4355
CZ01,Heating Tertiary,2535,69.4471
CZ01,Heating Tertiary,2536,70.2031
CZ01,Heating Tertiary,2537,70.4488
CZ01,Heating Tertiary,2538,70.778
CZ01,Heating Tertiary,2539,72.3028
CZ01,Heating Tertiary,2540,76.9814
CZ01,Heating Tertiary,2541,86.3485
CZ01,Heating Tertiary,2542,100.367
CZ01,Heating Tertiary,2543,117.05
CZ01,Heating Tertiary,2544,132.994
CZ01,Heating Tertiary,2545,160.609
CZ01,Heating Tertiary,2546,165.067
CZ01,Heating Tertiary,2547,167.644
CZ01,Heating Tertiary,2548,165.771
CZ01,Heating Tertiary,2549,157.309
CZ01,Heating Tertiary,2550,143.118
CZ01,Heating Tertiary,2551,126.111
CZ01,Heating Tertiary,2552,109.53399999999999
CZ01,Heating Tertiary,2553,96.1235
CZ01,Heating Tertiary,2554,86.54700000000004
CZ01,Heating Tertiary,2555,79.5385
CZ01,Heating Tertiary,2556,74.4945
CZ01,Heating Tertiary,2557,72.1446
CZ01,Heating Tertiary,2558,72.3252
CZ01,Heating Tertiary,2559,73.3454
CZ01,Heating Tertiary,2560,73.7039
CZ01,Heating Tertiary,2561,73.6101
CZ01,Heating Tertiary,2562,74.3501
CZ01,Heating Tertiary,2563,78.2968
CZ01,Heating Tertiary,2564,88.0246
CZ01,Heating Tertiary,2565,103.49799999999999
CZ01,Heating Tertiary,2566,122.604
CZ01,Heating Tertiary,2567,140.106
CZ01,Heating Tertiary,2568,153.143
CZ01,Heating Tertiary,2569,146.971
CZ01,Heating Tertiary,2570,150.877
CZ01,Heating Tertiary,2571,152.43
CZ01,Heating Tertiary,2572,150.096
CZ01,Heating Tertiary,2573,142.452
CZ01,Heating Tertiary,2574,129.941
CZ01,Heating Tertiary,2575,114.875
CZ01,Heating Tertiary,2576,100.524
CZ01,Heating Tertiary,2577,89.3412
CZ01,Heating Tertiary,2578,81.6727
CZ01,Heating Tertiary,2579,75.8065
CZ01,Heating Tertiary,2580,71.1779
CZ01,Heating Tertiary,2581,68.6001
CZ01,Heating Tertiary,2582,67.4239
CZ01,Heating Tertiary,2583,66.9412
CZ01,Heating Tertiary,2584,66.0683
CZ01,Heating Tertiary,2585,65.6965
CZ01,Heating Tertiary,2586,66.6845
CZ01,Heating Tertiary,2587,70.5858
CZ01,Heating Tertiary,2588,78.9666
CZ01,Heating Tertiary,2589,91.6871
CZ01,Heating Tertiary,2590,107.77
CZ01,Heating Tertiary,2591,124.538
CZ01,Heating Tertiary,2592,138.30700000000002
CZ01,Heating Tertiary,2593,83.3949
CZ01,Heating Tertiary,2594,87.7203
CZ01,Heating Tertiary,2595,89.9528
CZ01,Heating Tertiary,2596,90.9028
CZ01,Heating Tertiary,2597,89.5034
CZ01,Heating Tertiary,2598,84.4767
CZ01,Heating Tertiary,2599,76.337
CZ01,Heating Tertiary,2600,66.8209
CZ01,Heating Tertiary,2601,58.1915
CZ01,Heating Tertiary,2602,51.4528
CZ01,Heating Tertiary,2603,46.806000000000004
CZ01,Heating Tertiary,2604,43.3183
CZ01,Heating Tertiary,2605,40.9342
CZ01,Heating Tertiary,2606,39.8256
CZ01,Heating Tertiary,2607,39.8322
CZ01,Heating Tertiary,2608,40.2658
CZ01,Heating Tertiary,2609,40.4066
CZ01,Heating Tertiary,2610,40.5957
CZ01,Heating Tertiary,2611,41.4702
CZ01,Heating Tertiary,2612,44.1536
CZ01,Heating Tertiary,2613,49.5263
CZ01,Heating Tertiary,2614,57.5672
CZ01,Heating Tertiary,2615,67.1356
CZ01,Heating Tertiary,2616,76.2806
CZ01,Heating Tertiary,2617,68.0839
CZ01,Heating Tertiary,2618,71.6158
CZ01,Heating Tertiary,2619,73.4381
CZ01,Heating Tertiary,2620,74.2131
CZ01,Heating Tertiary,2621,73.071
CZ01,Heating Tertiary,2622,68.9672
CZ01,Heating Tertiary,2623,62.3218
CZ01,Heating Tertiary,2624,54.553000000000004
CZ01,Heating Tertiary,2625,47.5079
CZ01,Heating Tertiary,2626,42.0064
CZ01,Heating Tertiary,2627,38.2127
CZ01,Heating Tertiary,2628,35.3653
CZ01,Heating Tertiary,2629,33.4189
CZ01,Heating Tertiary,2630,32.5139
CZ01,Heating Tertiary,2631,32.5193
CZ01,Heating Tertiary,2632,32.8732
CZ01,Heating Tertiary,2633,32.9882
CZ01,Heating Tertiary,2634,33.1425
CZ01,Heating Tertiary,2635,33.8566
CZ01,Heating Tertiary,2636,36.0473
CZ01,Heating Tertiary,2637,40.4335
CZ01,Heating Tertiary,2638,46.9981
CZ01,Heating Tertiary,2639,54.8101
CZ01,Heating Tertiary,2640,62.2757
CZ01,Heating Tertiary,2641,83.3949
CZ01,Heating Tertiary,2642,87.7203
CZ01,Heating Tertiary,2643,89.9528
CZ01,Heating Tertiary,2644,90.9028
CZ01,Heating Tertiary,2645,89.5034
CZ01,Heating Tertiary,2646,84.4767
CZ01,Heating Tertiary,2647,76.337
CZ01,Heating Tertiary,2648,66.8209
CZ01,Heating Tertiary,2649,58.1915
CZ01,Heating Tertiary,2650,51.4528
CZ01,Heating Tertiary,2651,46.806000000000004
CZ01,Heating Tertiary,2652,43.3183
CZ01,Heating Tertiary,2653,40.9342
CZ01,Heating Tertiary,2654,39.8256
CZ01,Heating Tertiary,2655,39.8322
CZ01,Heating Tertiary,2656,40.2658
CZ01,Heating Tertiary,2657,40.4066
CZ01,Heating Tertiary,2658,40.5957
CZ01,Heating Tertiary,2659,41.4702
CZ01,Heating Tertiary,2660,44.1536
CZ01,Heating Tertiary,2661,49.5263
CZ01,Heating Tertiary,2662,57.5672
CZ01,Heating Tertiary,2663,67.1356
CZ01,Heating Tertiary,2664,76.2806
CZ01,Heating Tertiary,2665,159.84
CZ01,Heating Tertiary,2666,168.13099999999997
CZ01,Heating Tertiary,2667,172.40900000000005
CZ01,Heating Tertiary,2668,174.23
CZ01,Heating Tertiary,2669,171.548
CZ01,Heating Tertiary,2670,161.914
CZ01,Heating Tertiary,2671,146.312
CZ01,Heating Tertiary,2672,128.07399999999998
CZ01,Heating Tertiary,2673,111.53299999999999
CZ01,Heating Tertiary,2674,98.6179
CZ01,Heating Tertiary,2675,89.7112
CZ01,Heating Tertiary,2676,83.0267
CZ01,Heating Tertiary,2677,78.4574
CZ01,Heating Tertiary,2678,76.3324
CZ01,Heating Tertiary,2679,76.345
CZ01,Heating Tertiary,2680,77.1759
CZ01,Heating Tertiary,2681,77.4458
CZ01,Heating Tertiary,2682,77.8083
CZ01,Heating Tertiary,2683,79.4845
CZ01,Heating Tertiary,2684,84.62799999999999
CZ01,Heating Tertiary,2685,94.9255
CZ01,Heating Tertiary,2686,110.337
CZ01,Heating Tertiary,2687,128.67700000000002
CZ01,Heating Tertiary,2688,146.204
CZ01,Heating Tertiary,2689,159.84
CZ01,Heating Tertiary,2690,168.13099999999997
CZ01,Heating Tertiary,2691,172.40900000000005
CZ01,Heating Tertiary,2692,174.23
CZ01,Heating Tertiary,2693,171.548
CZ01,Heating Tertiary,2694,161.914
CZ01,Heating Tertiary,2695,146.312
CZ01,Heating Tertiary,2696,128.07399999999998
CZ01,Heating Tertiary,2697,111.53299999999999
CZ01,Heating Tertiary,2698,98.6179
CZ01,Heating Tertiary,2699,89.7112
CZ01,Heating Tertiary,2700,83.0267
CZ01,Heating Tertiary,2701,78.4574
CZ01,Heating Tertiary,2702,76.3324
CZ01,Heating Tertiary,2703,76.345
CZ01,Heating Tertiary,2704,77.1759
CZ01,Heating Tertiary,2705,77.4458
CZ01,Heating Tertiary,2706,77.8083
CZ01,Heating Tertiary,2707,79.4845
CZ01,Heating Tertiary,2708,84.62799999999999
CZ01,Heating Tertiary,2709,94.9255
CZ01,Heating Tertiary,2710,110.337
CZ01,Heating Tertiary,2711,128.67700000000002
CZ01,Heating Tertiary,2712,146.204
CZ01,Heating Tertiary,2713,142.856
CZ01,Heating Tertiary,2714,146.822
CZ01,Heating Tertiary,2715,149.114
CZ01,Heating Tertiary,2716,147.44899999999996
CZ01,Heating Tertiary,2717,139.921
CZ01,Heating Tertiary,2718,127.29899999999999
CZ01,Heating Tertiary,2719,112.17200000000001
CZ01,Heating Tertiary,2720,97.4268
CZ01,Heating Tertiary,2721,85.4986
CZ01,Heating Tertiary,2722,76.9814
CZ01,Heating Tertiary,2723,70.7469
CZ01,Heating Tertiary,2724,66.26100000000001
CZ01,Heating Tertiary,2725,64.1706
CZ01,Heating Tertiary,2726,64.3311
CZ01,Heating Tertiary,2727,65.2385
CZ01,Heating Tertiary,2728,65.5573
CZ01,Heating Tertiary,2729,65.4739
CZ01,Heating Tertiary,2730,66.1321
CZ01,Heating Tertiary,2731,69.6427
CZ01,Heating Tertiary,2732,78.2951
CZ01,Heating Tertiary,2733,92.0583
CZ01,Heating Tertiary,2734,109.053
CZ01,Heating Tertiary,2735,124.62100000000001
CZ01,Heating Tertiary,2736,136.217
CZ01,Heating Tertiary,2737,94.7719
CZ01,Heating Tertiary,2738,97.291
CZ01,Heating Tertiary,2739,98.2922
CZ01,Heating Tertiary,2740,96.7875
CZ01,Heating Tertiary,2741,91.8586
CZ01,Heating Tertiary,2742,83.7908
CZ01,Heating Tertiary,2743,74.0756
CZ01,Heating Tertiary,2744,64.8214
CZ01,Heating Tertiary,2745,57.6103
CZ01,Heating Tertiary,2746,52.6654
CZ01,Heating Tertiary,2747,48.8826
CZ01,Heating Tertiary,2748,45.8979
CZ01,Heating Tertiary,2749,44.2358
CZ01,Heating Tertiary,2750,43.4774
CZ01,Heating Tertiary,2751,43.166000000000004
CZ01,Heating Tertiary,2752,42.6033
CZ01,Heating Tertiary,2753,42.3634
CZ01,Heating Tertiary,2754,43.0006
CZ01,Heating Tertiary,2755,45.5163
CZ01,Heating Tertiary,2756,50.9206
CZ01,Heating Tertiary,2757,59.1231
CZ01,Heating Tertiary,2758,69.4937
CZ01,Heating Tertiary,2759,80.3067
CZ01,Heating Tertiary,2760,89.1852
CZ01,Heating Tertiary,2761,53.4248
CZ01,Heating Tertiary,2762,56.1959
CZ01,Heating Tertiary,2763,57.6259
CZ01,Heating Tertiary,2764,58.2347
CZ01,Heating Tertiary,2765,57.3381
CZ01,Heating Tertiary,2766,54.1179
CZ01,Heating Tertiary,2767,48.9033
CZ01,Heating Tertiary,2768,42.8071
CZ01,Heating Tertiary,2769,37.2789
CZ01,Heating Tertiary,2770,32.9619
CZ01,Heating Tertiary,2771,29.9851
CZ01,Heating Tertiary,2772,27.7508
CZ01,Heating Tertiary,2773,26.2234
CZ01,Heating Tertiary,2774,25.5133
CZ01,Heating Tertiary,2775,25.5175
CZ01,Heating Tertiary,2776,25.7953
CZ01,Heating Tertiary,2777,25.8855
CZ01,Heating Tertiary,2778,26.0066
CZ01,Heating Tertiary,2779,26.5668
CZ01,Heating Tertiary,2780,28.2859
CZ01,Heating Tertiary,2781,31.7278
CZ01,Heating Tertiary,2782,36.8788
CZ01,Heating Tertiary,2783,43.0089
CZ01,Heating Tertiary,2784,48.8672
CZ01,Heating Tertiary,2785,68.0839
CZ01,Heating Tertiary,2786,71.6158
CZ01,Heating Tertiary,2787,73.4381
CZ01,Heating Tertiary,2788,74.2131
CZ01,Heating Tertiary,2789,73.071
CZ01,Heating Tertiary,2790,68.9672
CZ01,Heating Tertiary,2791,62.3218
CZ01,Heating Tertiary,2792,54.553000000000004
CZ01,Heating Tertiary,2793,47.5079
CZ01,Heating Tertiary,2794,42.0064
CZ01,Heating Tertiary,2795,38.2127
CZ01,Heating Tertiary,2796,35.3653
CZ01,Heating Tertiary,2797,33.4189
CZ01,Heating Tertiary,2798,32.5139
CZ01,Heating Tertiary,2799,32.5193
CZ01,Heating Tertiary,2800,32.8732
CZ01,Heating Tertiary,2801,32.9882
CZ01,Heating Tertiary,2802,33.1425
CZ01,Heating Tertiary,2803,33.8566
CZ01,Heating Tertiary,2804,36.0473
CZ01,Heating Tertiary,2805,40.4335
CZ01,Heating Tertiary,2806,46.9981
CZ01,Heating Tertiary,2807,54.8101
CZ01,Heating Tertiary,2808,62.2757
CZ01,Heating Tertiary,2809,83.3949
CZ01,Heating Tertiary,2810,87.7203
CZ01,Heating Tertiary,2811,89.9528
CZ01,Heating Tertiary,2812,90.9028
CZ01,Heating Tertiary,2813,89.5034
CZ01,Heating Tertiary,2814,84.4767
CZ01,Heating Tertiary,2815,76.337
CZ01,Heating Tertiary,2816,66.8209
CZ01,Heating Tertiary,2817,58.1915
CZ01,Heating Tertiary,2818,51.4528
CZ01,Heating Tertiary,2819,46.806000000000004
CZ01,Heating Tertiary,2820,43.3183
CZ01,Heating Tertiary,2821,40.9342
CZ01,Heating Tertiary,2822,39.8256
CZ01,Heating Tertiary,2823,39.8322
CZ01,Heating Tertiary,2824,40.2658
CZ01,Heating Tertiary,2825,40.4066
CZ01,Heating Tertiary,2826,40.5957
CZ01,Heating Tertiary,2827,41.4702
CZ01,Heating Tertiary,2828,44.1536
CZ01,Heating Tertiary,2829,49.5263
CZ01,Heating Tertiary,2830,57.5672
CZ01,Heating Tertiary,2831,67.1356
CZ01,Heating Tertiary,2832,76.2806
CZ01,Heating Tertiary,2833,68.0839
CZ01,Heating Tertiary,2834,71.6158
CZ01,Heating Tertiary,2835,73.4381
CZ01,Heating Tertiary,2836,74.2131
CZ01,Heating Tertiary,2837,73.071
CZ01,Heating Tertiary,2838,68.9672
CZ01,Heating Tertiary,2839,62.3218
CZ01,Heating Tertiary,2840,54.553000000000004
CZ01,Heating Tertiary,2841,47.5079
CZ01,Heating Tertiary,2842,42.0064
CZ01,Heating Tertiary,2843,38.2127
CZ01,Heating Tertiary,2844,35.3653
CZ01,Heating Tertiary,2845,33.4189
CZ01,Heating Tertiary,2846,32.5139
CZ01,Heating Tertiary,2847,32.5193
CZ01,Heating Tertiary,2848,32.8732
CZ01,Heating Tertiary,2849,32.9882
CZ01,Heating Tertiary,2850,33.1425
CZ01,Heating Tertiary,2851,33.8566
CZ01,Heating Tertiary,2852,36.0473
CZ01,Heating Tertiary,2853,40.4335
CZ01,Heating Tertiary,2854,46.9981
CZ01,Heating Tertiary,2855,54.8101
CZ01,Heating Tertiary,2856,62.2757
CZ01,Heating Tertiary,2857,15.6365
CZ01,Heating Tertiary,2858,16.4476
CZ01,Heating Tertiary,2859,16.8662
CZ01,Heating Tertiary,2860,17.0443
CZ01,Heating Tertiary,2861,16.7819
CZ01,Heating Tertiary,2862,15.8394
CZ01,Heating Tertiary,2863,14.3132
CZ01,Heating Tertiary,2864,12.5289
CZ01,Heating Tertiary,2865,10.9109
CZ01,Heating Tertiary,2866,9.64739
CZ01,Heating Tertiary,2867,8.776110000000001
CZ01,Heating Tertiary,2868,8.122160000000001
CZ01,Heating Tertiary,2869,7.67518
CZ01,Heating Tertiary,2870,7.4672899999999975
CZ01,Heating Tertiary,2871,7.468560000000001
CZ01,Heating Tertiary,2872,7.5498
CZ01,Heating Tertiary,2873,7.5762100000000006
CZ01,Heating Tertiary,2874,7.6116600000000005
CZ01,Heating Tertiary,2875,7.77565
CZ01,Heating Tertiary,2876,8.278789999999999
CZ01,Heating Tertiary,2877,9.28615
CZ01,Heating Tertiary,2878,10.7938
CZ01,Heating Tertiary,2879,12.588
CZ01,Heating Tertiary,2880,14.3026
CZ01,Heating Tertiary,2881,17.7697
CZ01,Heating Tertiary,2882,18.242
CZ01,Heating Tertiary,2883,18.4298
CZ01,Heating Tertiary,2884,18.1477
CZ01,Heating Tertiary,2885,17.2235
CZ01,Heating Tertiary,2886,15.7107
CZ01,Heating Tertiary,2887,13.8892
CZ01,Heating Tertiary,2888,12.154000000000002
CZ01,Heating Tertiary,2889,10.8019
CZ01,Heating Tertiary,2890,9.87474
CZ01,Heating Tertiary,2891,9.16549
CZ01,Heating Tertiary,2892,8.60585
CZ01,Heating Tertiary,2893,8.294210000000001
CZ01,Heating Tertiary,2894,8.15202
CZ01,Heating Tertiary,2895,8.09362
CZ01,Heating Tertiary,2896,7.98815
CZ01,Heating Tertiary,2897,7.94315
CZ01,Heating Tertiary,2898,8.062610000000001
CZ01,Heating Tertiary,2899,8.53433
CZ01,Heating Tertiary,2900,9.54762
CZ01,Heating Tertiary,2901,11.0856
CZ01,Heating Tertiary,2902,13.0301
CZ01,Heating Tertiary,2903,15.0575
CZ01,Heating Tertiary,2904,16.7223
CZ01,Heating Tertiary,2905,17.7697
CZ01,Heating Tertiary,2906,18.242
CZ01,Heating Tertiary,2907,18.4298
CZ01,Heating Tertiary,2908,18.1477
CZ01,Heating Tertiary,2909,17.2235
CZ01,Heating Tertiary,2910,15.7107
CZ01,Heating Tertiary,2911,13.8892
CZ01,Heating Tertiary,2912,12.154000000000002
CZ01,Heating Tertiary,2913,10.8019
CZ01,Heating Tertiary,2914,9.87474
CZ01,Heating Tertiary,2915,9.16549
CZ01,Heating Tertiary,2916,8.60585
CZ01,Heating Tertiary,2917,8.294210000000001
CZ01,Heating Tertiary,2918,8.15202
CZ01,Heating Tertiary,2919,8.09362
CZ01,Heating Tertiary,2920,7.98815
CZ01,Heating Tertiary,2921,7.94315
CZ01,Heating Tertiary,2922,8.062610000000001
CZ01,Heating Tertiary,2923,8.53433
CZ01,Heating Tertiary,2924,9.54762
CZ01,Heating Tertiary,2925,11.0856
CZ01,Heating Tertiary,2926,13.0301
CZ01,Heating Tertiary,2927,15.0575
CZ01,Heating Tertiary,2928,16.7223
CZ01,Heating Tertiary,2929,53.4248
CZ01,Heating Tertiary,2930,56.1959
CZ01,Heating Tertiary,2931,57.6259
CZ01,Heating Tertiary,2932,58.2347
CZ01,Heating Tertiary,2933,57.3381
CZ01,Heating Tertiary,2934,54.1179
CZ01,Heating Tertiary,2935,48.9033
CZ01,Heating Tertiary,2936,42.8071
CZ01,Heating Tertiary,2937,37.2789
CZ01,Heating Tertiary,2938,32.9619
CZ01,Heating Tertiary,2939,29.9851
CZ01,Heating Tertiary,2940,27.7508
CZ01,Heating Tertiary,2941,26.2234
CZ01,Heating Tertiary,2942,25.5133
CZ01,Heating Tertiary,2943,25.5175
CZ01,Heating Tertiary,2944,25.7953
CZ01,Heating Tertiary,2945,25.8855
CZ01,Heating Tertiary,2946,26.0066
CZ01,Heating Tertiary,2947,26.5668
CZ01,Heating Tertiary,2948,28.2859
CZ01,Heating Tertiary,2949,31.7278
CZ01,Heating Tertiary,2950,36.8788
CZ01,Heating Tertiary,2951,43.0089
CZ01,Heating Tertiary,2952,48.8672
CZ01,Heating Tertiary,2953,83.3949
CZ01,Heating Tertiary,2954,87.7203
CZ01,Heating Tertiary,2955,89.9528
CZ01,Heating Tertiary,2956,90.9028
CZ01,Heating Tertiary,2957,89.5034
CZ01,Heating Tertiary,2958,84.4767
CZ01,Heating Tertiary,2959,76.337
CZ01,Heating Tertiary,2960,66.8209
CZ01,Heating Tertiary,2961,58.1915
CZ01,Heating Tertiary,2962,51.4528
CZ01,Heating Tertiary,2963,46.806000000000004
CZ01,Heating Tertiary,2964,43.3183
CZ01,Heating Tertiary,2965,40.9342
CZ01,Heating Tertiary,2966,39.8256
CZ01,Heating Tertiary,2967,39.8322
CZ01,Heating Tertiary,2968,40.2658
CZ01,Heating Tertiary,2969,40.4066
CZ01,Heating Tertiary,2970,40.5957
CZ01,Heating Tertiary,2971,41.4702
CZ01,Heating Tertiary,2972,44.1536
CZ01,Heating Tertiary,2973,49.5263
CZ01,Heating Tertiary,2974,57.5672
CZ01,Heating Tertiary,2975,67.1356
CZ01,Heating Tertiary,2976,76.2806
CZ01,Heating Tertiary,2977,113.691
CZ01,Heating Tertiary,2978,119.587
CZ01,Heating Tertiary,2979,122.631
CZ01,Heating Tertiary,2980,123.926
CZ01,Heating Tertiary,2981,122.01899999999999
CZ01,Heating Tertiary,2982,115.165
CZ01,Heating Tertiary,2983,104.069
CZ01,Heating Tertiary,2984,91.0956
CZ01,Heating Tertiary,2985,79.3314
CZ01,Heating Tertiary,2986,70.1444
CZ01,Heating Tertiary,2987,63.8098
CZ01,Heating Tertiary,2988,59.0552
CZ01,Heating Tertiary,2989,55.8048
CZ01,Heating Tertiary,2990,54.2935
CZ01,Heating Tertiary,2991,54.3024
CZ01,Heating Tertiary,2992,54.8936
CZ01,Heating Tertiary,2993,55.0856
CZ01,Heating Tertiary,2994,55.3433
CZ01,Heating Tertiary,2995,56.5355
CZ01,Heating Tertiary,2996,60.1939
CZ01,Heating Tertiary,2997,67.5183
CZ01,Heating Tertiary,2998,78.4798
CZ01,Heating Tertiary,2999,91.5249
CZ01,Heating Tertiary,3000,103.992
CZ01,Heating Tertiary,3001,129.327
CZ01,Heating Tertiary,3002,136.035
CZ01,Heating Tertiary,3003,139.497
CZ01,Heating Tertiary,3004,140.97
CZ01,Heating Tertiary,3005,138.8
CZ01,Heating Tertiary,3006,131.005
CZ01,Heating Tertiary,3007,118.382
CZ01,Heating Tertiary,3008,103.625
CZ01,Heating Tertiary,3009,90.2423
CZ01,Heating Tertiary,3010,79.7923
CZ01,Heating Tertiary,3011,72.5859
CZ01,Heating Tertiary,3012,67.1771
CZ01,Heating Tertiary,3013,63.4801
CZ01,Heating Tertiary,3014,61.7608
CZ01,Heating Tertiary,3015,61.7711
CZ01,Heating Tertiary,3016,62.4432
CZ01,Heating Tertiary,3017,62.6618
CZ01,Heating Tertiary,3018,62.9547
CZ01,Heating Tertiary,3019,64.311
CZ01,Heating Tertiary,3020,68.4729
CZ01,Heating Tertiary,3021,76.8042
CZ01,Heating Tertiary,3022,89.2739
CZ01,Heating Tertiary,3023,104.113
CZ01,Heating Tertiary,3024,118.295
CZ01,Heating Tertiary,3025,98.3797
CZ01,Heating Tertiary,3026,103.48299999999999
CZ01,Heating Tertiary,3027,106.116
CZ01,Heating Tertiary,3028,107.236
CZ01,Heating Tertiary,3029,105.586
CZ01,Heating Tertiary,3030,99.6559
CZ01,Heating Tertiary,3031,90.0535
CZ01,Heating Tertiary,3032,78.8279
CZ01,Heating Tertiary,3033,68.6478
CZ01,Heating Tertiary,3034,60.698
CZ01,Heating Tertiary,3035,55.2164
CZ01,Heating Tertiary,3036,51.102
CZ01,Heating Tertiary,3037,48.2896
CZ01,Heating Tertiary,3038,46.9818
CZ01,Heating Tertiary,3039,46.9895
CZ01,Heating Tertiary,3040,47.50100000000001
CZ01,Heating Tertiary,3041,47.6672
CZ01,Heating Tertiary,3042,47.8902
CZ01,Heating Tertiary,3043,48.9219
CZ01,Heating Tertiary,3044,52.0875
CZ01,Heating Tertiary,3045,58.4257
CZ01,Heating Tertiary,3046,67.9113
CZ01,Heating Tertiary,3047,79.1991
CZ01,Heating Tertiary,3048,89.9874
CZ01,Heating Tertiary,3049,111.801
CZ01,Heating Tertiary,3050,114.773
CZ01,Heating Tertiary,3051,115.954
CZ01,Heating Tertiary,3052,114.179
CZ01,Heating Tertiary,3053,108.36399999999999
CZ01,Heating Tertiary,3054,98.8469
CZ01,Heating Tertiary,3055,87.3859
CZ01,Heating Tertiary,3056,76.4693
CZ01,Heating Tertiary,3057,67.9619
CZ01,Heating Tertiary,3058,62.1284
CZ01,Heating Tertiary,3059,57.6662
CZ01,Heating Tertiary,3060,54.1452
CZ01,Heating Tertiary,3061,52.1843
CZ01,Heating Tertiary,3062,51.2897
CZ01,Heating Tertiary,3063,50.9223
CZ01,Heating Tertiary,3064,50.2586
CZ01,Heating Tertiary,3065,49.9755
CZ01,Heating Tertiary,3066,50.7273
CZ01,Heating Tertiary,3067,53.695
CZ01,Heating Tertiary,3068,60.0702
CZ01,Heating Tertiary,3069,69.7468
CZ01,Heating Tertiary,3070,81.9811
CZ01,Heating Tertiary,3071,94.7368
CZ01,Heating Tertiary,3072,105.211
CZ01,Heating Tertiary,3073,94.7719
CZ01,Heating Tertiary,3074,97.291
CZ01,Heating Tertiary,3075,98.2922
CZ01,Heating Tertiary,3076,96.7875
CZ01,Heating Tertiary,3077,91.8586
CZ01,Heating Tertiary,3078,83.7908
CZ01,Heating Tertiary,3079,74.0756
CZ01,Heating Tertiary,3080,64.8214
CZ01,Heating Tertiary,3081,57.6103
CZ01,Heating Tertiary,3082,52.6654
CZ01,Heating Tertiary,3083,48.8826
CZ01,Heating Tertiary,3084,45.8979
CZ01,Heating Tertiary,3085,44.2358
CZ01,Heating Tertiary,3086,43.4774
CZ01,Heating Tertiary,3087,43.166000000000004
CZ01,Heating Tertiary,3088,42.6033
CZ01,Heating Tertiary,3089,42.3634
CZ01,Heating Tertiary,3090,43.0006
CZ01,Heating Tertiary,3091,45.5163
CZ01,Heating Tertiary,3092,50.9206
CZ01,Heating Tertiary,3093,59.1231
CZ01,Heating Tertiary,3094,69.4937
CZ01,Heating Tertiary,3095,80.3067
CZ01,Heating Tertiary,3096,89.1852
CZ01,Heating Tertiary,3097,83.3949
CZ01,Heating Tertiary,3098,87.7203
CZ01,Heating Tertiary,3099,89.9528
CZ01,Heating Tertiary,3100,90.9028
CZ01,Heating Tertiary,3101,89.5034
CZ01,Heating Tertiary,3102,84.4767
CZ01,Heating Tertiary,3103,76.337
CZ01,Heating Tertiary,3104,66.8209
CZ01,Heating Tertiary,3105,58.1915
CZ01,Heating Tertiary,3106,51.4528
CZ01,Heating Tertiary,3107,46.806000000000004
CZ01,Heating Tertiary,3108,43.3183
CZ01,Heating Tertiary,3109,40.9342
CZ01,Heating Tertiary,3110,39.8256
CZ01,Heating Tertiary,3111,39.8322
CZ01,Heating Tertiary,3112,40.2658
CZ01,Heating Tertiary,3113,40.4066
CZ01,Heating Tertiary,3114,40.5957
CZ01,Heating Tertiary,3115,41.4702
CZ01,Heating Tertiary,3116,44.1536
CZ01,Heating Tertiary,3117,49.5263
CZ01,Heating Tertiary,3118,57.5672
CZ01,Heating Tertiary,3119,67.1356
CZ01,Heating Tertiary,3120,76.2806
CZ01,Heating Tertiary,3121,68.0839
CZ01,Heating Tertiary,3122,71.6158
CZ01,Heating Tertiary,3123,73.4381
CZ01,Heating Tertiary,3124,74.2131
CZ01,Heating Tertiary,3125,73.071
CZ01,Heating Tertiary,3126,68.9672
CZ01,Heating Tertiary,3127,62.3218
CZ01,Heating Tertiary,3128,54.553000000000004
CZ01,Heating Tertiary,3129,47.5079
CZ01,Heating Tertiary,3130,42.0064
CZ01,Heating Tertiary,3131,38.2127
CZ01,Heating Tertiary,3132,35.3653
CZ01,Heating Tertiary,3133,33.4189
CZ01,Heating Tertiary,3134,32.5139
CZ01,Heating Tertiary,3135,32.5193
CZ01,Heating Tertiary,3136,32.8732
CZ01,Heating Tertiary,3137,32.9882
CZ01,Heating Tertiary,3138,33.1425
CZ01,Heating Tertiary,3139,33.8566
CZ01,Heating Tertiary,3140,36.0473
CZ01,Heating Tertiary,3141,40.4335
CZ01,Heating Tertiary,3142,46.9981
CZ01,Heating Tertiary,3143,54.8101
CZ01,Heating Tertiary,3144,62.2757
CZ01,Heating Tertiary,3145,33.8792
CZ01,Heating Tertiary,3146,35.6364
CZ01,Heating Tertiary,3147,36.5433
CZ01,Heating Tertiary,3148,36.9292
CZ01,Heating Tertiary,3149,36.3607
CZ01,Heating Tertiary,3150,34.3187
CZ01,Heating Tertiary,3151,31.0119
CZ01,Heating Tertiary,3152,27.146
CZ01,Heating Tertiary,3153,23.6403
CZ01,Heating Tertiary,3154,20.9027
CZ01,Heating Tertiary,3155,19.0149
CZ01,Heating Tertiary,3156,17.5981
CZ01,Heating Tertiary,3157,16.6295
CZ01,Heating Tertiary,3158,16.1792
CZ01,Heating Tertiary,3159,16.1818
CZ01,Heating Tertiary,3160,16.358
CZ01,Heating Tertiary,3161,16.4152
CZ01,Heating Tertiary,3162,16.492
CZ01,Heating Tertiary,3163,16.8473
CZ01,Heating Tertiary,3164,17.9374
CZ01,Heating Tertiary,3165,20.12
CZ01,Heating Tertiary,3166,23.3866
CZ01,Heating Tertiary,3167,27.2739
CZ01,Heating Tertiary,3168,30.989
CZ01,Heating Tertiary,3169,33.8792
CZ01,Heating Tertiary,3170,35.6364
CZ01,Heating Tertiary,3171,36.5433
CZ01,Heating Tertiary,3172,36.9292
CZ01,Heating Tertiary,3173,36.3607
CZ01,Heating Tertiary,3174,34.3187
CZ01,Heating Tertiary,3175,31.0119
CZ01,Heating Tertiary,3176,27.146
CZ01,Heating Tertiary,3177,23.6403
CZ01,Heating Tertiary,3178,20.9027
CZ01,Heating Tertiary,3179,19.0149
CZ01,Heating Tertiary,3180,17.5981
CZ01,Heating Tertiary,3181,16.6295
CZ01,Heating Tertiary,3182,16.1792
CZ01,Heating Tertiary,3183,16.1818
CZ01,Heating Tertiary,3184,16.358
CZ01,Heating Tertiary,3185,16.4152
CZ01,Heating Tertiary,3186,16.492
CZ01,Heating Tertiary,3187,16.8473
CZ01,Heating Tertiary,3188,17.9374
CZ01,Heating Tertiary,3189,20.12
CZ01,Heating Tertiary,3190,23.3866
CZ01,Heating Tertiary,3191,27.2739
CZ01,Heating Tertiary,3192,30.989
CZ01,Heating Tertiary,3193,83.3949
CZ01,Heating Tertiary,3194,87.7203
CZ01,Heating Tertiary,3195,89.9528
CZ01,Heating Tertiary,3196,90.9028
CZ01,Heating Tertiary,3197,89.5034
CZ01,Heating Tertiary,3198,84.4767
CZ01,Heating Tertiary,3199,76.337
CZ01,Heating Tertiary,3200,66.8209
CZ01,Heating Tertiary,3201,58.1915
CZ01,Heating Tertiary,3202,51.4528
CZ01,Heating Tertiary,3203,46.806000000000004
CZ01,Heating Tertiary,3204,43.3183
CZ01,Heating Tertiary,3205,40.9342
CZ01,Heating Tertiary,3206,39.8256
CZ01,Heating Tertiary,3207,39.8322
CZ01,Heating Tertiary,3208,40.2658
CZ01,Heating Tertiary,3209,40.4066
CZ01,Heating Tertiary,3210,40.5957
CZ01,Heating Tertiary,3211,41.4702
CZ01,Heating Tertiary,3212,44.1536
CZ01,Heating Tertiary,3213,49.5263
CZ01,Heating Tertiary,3214,57.5672
CZ01,Heating Tertiary,3215,67.1356
CZ01,Heating Tertiary,3216,76.2806
CZ01,Heating Tertiary,3217,160.609
CZ01,Heating Tertiary,3218,165.067
CZ01,Heating Tertiary,3219,167.644
CZ01,Heating Tertiary,3220,165.771
CZ01,Heating Tertiary,3221,157.309
CZ01,Heating Tertiary,3222,143.118
CZ01,Heating Tertiary,3223,126.111
CZ01,Heating Tertiary,3224,109.53399999999999
CZ01,Heating Tertiary,3225,96.1235
CZ01,Heating Tertiary,3226,86.54700000000004
CZ01,Heating Tertiary,3227,79.5385
CZ01,Heating Tertiary,3228,74.4945
CZ01,Heating Tertiary,3229,72.1446
CZ01,Heating Tertiary,3230,72.3252
CZ01,Heating Tertiary,3231,73.3454
CZ01,Heating Tertiary,3232,73.7039
CZ01,Heating Tertiary,3233,73.6101
CZ01,Heating Tertiary,3234,74.3501
CZ01,Heating Tertiary,3235,78.2968
CZ01,Heating Tertiary,3236,88.0246
CZ01,Heating Tertiary,3237,103.49799999999999
CZ01,Heating Tertiary,3238,122.604
CZ01,Heating Tertiary,3239,140.106
CZ01,Heating Tertiary,3240,153.143
CZ01,Heating Tertiary,3241,165.234
CZ01,Heating Tertiary,3242,169.625
CZ01,Heating Tertiary,3243,171.372
CZ01,Heating Tertiary,3244,168.748
CZ01,Heating Tertiary,3245,160.154
CZ01,Heating Tertiary,3246,146.088
CZ01,Heating Tertiary,3247,129.15
CZ01,Heating Tertiary,3248,113.016
CZ01,Heating Tertiary,3249,100.443
CZ01,Heating Tertiary,3250,91.8218
CZ01,Heating Tertiary,3251,85.2264
CZ01,Heating Tertiary,3252,80.0225
CZ01,Heating Tertiary,3253,77.1247
CZ01,Heating Tertiary,3254,75.8024
CZ01,Heating Tertiary,3255,75.2592
CZ01,Heating Tertiary,3256,74.2782
CZ01,Heating Tertiary,3257,73.8598
CZ01,Heating Tertiary,3258,74.971
CZ01,Heating Tertiary,3259,79.3573
CZ01,Heating Tertiary,3260,88.7796
CZ01,Heating Tertiary,3261,103.081
CZ01,Heating Tertiary,3262,121.162
CZ01,Heating Tertiary,3263,140.014
CZ01,Heating Tertiary,3264,155.494
CZ01,Heating Tertiary,3265,98.3797
CZ01,Heating Tertiary,3266,103.48299999999999
CZ01,Heating Tertiary,3267,106.116
CZ01,Heating Tertiary,3268,107.236
CZ01,Heating Tertiary,3269,105.586
CZ01,Heating Tertiary,3270,99.6559
CZ01,Heating Tertiary,3271,90.0535
CZ01,Heating Tertiary,3272,78.8279
CZ01,Heating Tertiary,3273,68.6478
CZ01,Heating Tertiary,3274,60.698
CZ01,Heating Tertiary,3275,55.2164
CZ01,Heating Tertiary,3276,51.102
CZ01,Heating Tertiary,3277,48.2896
CZ01,Heating Tertiary,3278,46.9818
CZ01,Heating Tertiary,3279,46.9895
CZ01,Heating Tertiary,3280,47.50100000000001
CZ01,Heating Tertiary,3281,47.6672
CZ01,Heating Tertiary,3282,47.8902
CZ01,Heating Tertiary,3283,48.9219
CZ01,Heating Tertiary,3284,52.0875
CZ01,Heating Tertiary,3285,58.4257
CZ01,Heating Tertiary,3286,67.9113
CZ01,Heating Tertiary,3287,79.1991
CZ01,Heating Tertiary,3288,89.9874
CZ01,Heating Tertiary,3289,68.0839
CZ01,Heating Tertiary,3290,71.6158
CZ01,Heating Tertiary,3291,73.4381
CZ01,Heating Tertiary,3292,74.2131
CZ01,Heating Tertiary,3293,73.071
CZ01,Heating Tertiary,3294,68.9672
CZ01,Heating Tertiary,3295,62.3218
CZ01,Heating Tertiary,3296,54.553000000000004
CZ01,Heating Tertiary,3297,47.5079
CZ01,Heating Tertiary,3298,42.0064
CZ01,Heating Tertiary,3299,38.2127
CZ01,Heating Tertiary,3300,35.3653
CZ01,Heating Tertiary,3301,33.4189
CZ01,Heating Tertiary,3302,32.5139
CZ01,Heating Tertiary,3303,32.5193
CZ01,Heating Tertiary,3304,32.8732
CZ01,Heating Tertiary,3305,32.9882
CZ01,Heating Tertiary,3306,33.1425
CZ01,Heating Tertiary,3307,33.8566
CZ01,Heating Tertiary,3308,36.0473
CZ01,Heating Tertiary,3309,40.4335
CZ01,Heating Tertiary,3310,46.9981
CZ01,Heating Tertiary,3311,54.8101
CZ01,Heating Tertiary,3312,62.2757
CZ01,Heating Tertiary,3313,113.691
CZ01,Heating Tertiary,3314,119.587
CZ01,Heating Tertiary,3315,122.631
CZ01,Heating Tertiary,3316,123.926
CZ01,Heating Tertiary,3317,122.01899999999999
CZ01,Heating Tertiary,3318,115.165
CZ01,Heating Tertiary,3319,104.069
CZ01,Heating Tertiary,3320,91.0956
CZ01,Heating Tertiary,3321,79.3314
CZ01,Heating Tertiary,3322,70.1444
CZ01,Heating Tertiary,3323,63.8098
CZ01,Heating Tertiary,3324,59.0552
CZ01,Heating Tertiary,3325,55.8048
CZ01,Heating Tertiary,3326,54.2935
CZ01,Heating Tertiary,3327,54.3024
CZ01,Heating Tertiary,3328,54.8936
CZ01,Heating Tertiary,3329,55.0856
CZ01,Heating Tertiary,3330,55.3433
CZ01,Heating Tertiary,3331,56.5355
CZ01,Heating Tertiary,3332,60.1939
CZ01,Heating Tertiary,3333,67.5183
CZ01,Heating Tertiary,3334,78.4798
CZ01,Heating Tertiary,3335,91.5249
CZ01,Heating Tertiary,3336,103.992
CZ01,Heating Tertiary,3337,129.327
CZ01,Heating Tertiary,3338,136.035
CZ01,Heating Tertiary,3339,139.497
CZ01,Heating Tertiary,3340,140.97
CZ01,Heating Tertiary,3341,138.8
CZ01,Heating Tertiary,3342,131.005
CZ01,Heating Tertiary,3343,118.382
CZ01,Heating Tertiary,3344,103.625
CZ01,Heating Tertiary,3345,90.2423
CZ01,Heating Tertiary,3346,79.7923
CZ01,Heating Tertiary,3347,72.5859
CZ01,Heating Tertiary,3348,67.1771
CZ01,Heating Tertiary,3349,63.4801
CZ01,Heating Tertiary,3350,61.7608
CZ01,Heating Tertiary,3351,61.7711
CZ01,Heating Tertiary,3352,62.4432
CZ01,Heating Tertiary,3353,62.6618
CZ01,Heating Tertiary,3354,62.9547
CZ01,Heating Tertiary,3355,64.311
CZ01,Heating Tertiary,3356,68.4729
CZ01,Heating Tertiary,3357,76.8042
CZ01,Heating Tertiary,3358,89.2739
CZ01,Heating Tertiary,3359,104.113
CZ01,Heating Tertiary,3360,118.295
CZ01,Heating Tertiary,3361,68.0839
CZ01,Heating Tertiary,3362,71.6158
CZ01,Heating Tertiary,3363,73.4381
CZ01,Heating Tertiary,3364,74.2131
CZ01,Heating Tertiary,3365,73.071
CZ01,Heating Tertiary,3366,68.9672
CZ01,Heating Tertiary,3367,62.3218
CZ01,Heating Tertiary,3368,54.553000000000004
CZ01,Heating Tertiary,3369,47.5079
CZ01,Heating Tertiary,3370,42.0064
CZ01,Heating Tertiary,3371,38.2127
CZ01,Heating Tertiary,3372,35.3653
CZ01,Heating Tertiary,3373,33.4189
CZ01,Heating Tertiary,3374,32.5139
CZ01,Heating Tertiary,3375,32.5193
CZ01,Heating Tertiary,3376,32.8732
CZ01,Heating Tertiary,3377,32.9882
CZ01,Heating Tertiary,3378,33.1425
CZ01,Heating Tertiary,3379,33.8566
CZ01,Heating Tertiary,3380,36.0473
CZ01,Heating Tertiary,3381,40.4335
CZ01,Heating Tertiary,3382,46.9981
CZ01,Heating Tertiary,3383,54.8101
CZ01,Heating Tertiary,3384,62.2757
CZ01,Heating Tertiary,3385,37.4234
CZ01,Heating Tertiary,3386,38.4622
CZ01,Heating Tertiary,3387,39.0627
CZ01,Heating Tertiary,3388,38.6264
CZ01,Heating Tertiary,3389,36.6545
CZ01,Heating Tertiary,3390,33.3479
CZ01,Heating Tertiary,3391,29.3851
CZ01,Heating Tertiary,3392,25.5224
CZ01,Heating Tertiary,3393,22.3977
CZ01,Heating Tertiary,3394,20.1664
CZ01,Heating Tertiary,3395,18.5332
CZ01,Heating Tertiary,3396,17.358
CZ01,Heating Tertiary,3397,16.8104
CZ01,Heating Tertiary,3398,16.8525
CZ01,Heating Tertiary,3399,17.0903
CZ01,Heating Tertiary,3400,17.1737
CZ01,Heating Tertiary,3401,17.1519
CZ01,Heating Tertiary,3402,17.3242
CZ01,Heating Tertiary,3403,18.2439
CZ01,Heating Tertiary,3404,20.5106
CZ01,Heating Tertiary,3405,24.116
CZ01,Heating Tertiary,3406,28.568
CZ01,Heating Tertiary,3407,32.6462
CZ01,Heating Tertiary,3408,35.6839
CZ01,Heating Tertiary,3409,17.7697
CZ01,Heating Tertiary,3410,18.242
CZ01,Heating Tertiary,3411,18.4298
CZ01,Heating Tertiary,3412,18.1477
CZ01,Heating Tertiary,3413,17.2235
CZ01,Heating Tertiary,3414,15.7107
CZ01,Heating Tertiary,3415,13.8892
CZ01,Heating Tertiary,3416,12.154000000000002
CZ01,Heating Tertiary,3417,10.8019
CZ01,Heating Tertiary,3418,9.87474
CZ01,Heating Tertiary,3419,9.16549
CZ01,Heating Tertiary,3420,8.60585
CZ01,Heating Tertiary,3421,8.294210000000001
CZ01,Heating Tertiary,3422,8.15202
CZ01,Heating Tertiary,3423,8.09362
CZ01,Heating Tertiary,3424,7.98815
CZ01,Heating Tertiary,3425,7.94315
CZ01,Heating Tertiary,3426,8.062610000000001
CZ01,Heating Tertiary,3427,8.53433
CZ01,Heating Tertiary,3428,9.54762
CZ01,Heating Tertiary,3429,11.0856
CZ01,Heating Tertiary,3430,13.0301
CZ01,Heating Tertiary,3431,15.0575
CZ01,Heating Tertiary,3432,16.7223
CZ01,Heating Tertiary,3433,15.6365
CZ01,Heating Tertiary,3434,16.4476
CZ01,Heating Tertiary,3435,16.8662
CZ01,Heating Tertiary,3436,17.0443
CZ01,Heating Tertiary,3437,16.7819
CZ01,Heating Tertiary,3438,15.8394
CZ01,Heating Tertiary,3439,14.3132
CZ01,Heating Tertiary,3440,12.5289
CZ01,Heating Tertiary,3441,10.9109
CZ01,Heating Tertiary,3442,9.64739
CZ01,Heating Tertiary,3443,8.776110000000001
CZ01,Heating Tertiary,3444,8.122160000000001
CZ01,Heating Tertiary,3445,7.67518
CZ01,Heating Tertiary,3446,7.4672899999999975
CZ01,Heating Tertiary,3447,7.468560000000001
CZ01,Heating Tertiary,3448,7.5498
CZ01,Heating Tertiary,3449,7.5762100000000006
CZ01,Heating Tertiary,3450,7.6116600000000005
CZ01,Heating Tertiary,3451,7.77565
CZ01,Heating Tertiary,3452,8.278789999999999
CZ01,Heating Tertiary,3453,9.28615
CZ01,Heating Tertiary,3454,10.7938
CZ01,Heating Tertiary,3455,12.588
CZ01,Heating Tertiary,3456,14.3026
CZ01,Heating Tertiary,3457,15.6365
CZ01,Heating Tertiary,3458,16.4476
CZ01,Heating Tertiary,3459,16.8662
CZ01,Heating Tertiary,3460,17.0443
CZ01,Heating Tertiary,3461,16.7819
CZ01,Heating Tertiary,3462,15.8394
CZ01,Heating Tertiary,3463,14.3132
CZ01,Heating Tertiary,3464,12.5289
CZ01,Heating Tertiary,3465,10.9109
CZ01,Heating Tertiary,3466,9.64739
CZ01,Heating Tertiary,3467,8.776110000000001
CZ01,Heating Tertiary,3468,8.122160000000001
CZ01,Heating Tertiary,3469,7.67518
CZ01,Heating Tertiary,3470,7.4672899999999975
CZ01,Heating Tertiary,3471,7.468560000000001
CZ01,Heating Tertiary,3472,7.5498
CZ01,Heating Tertiary,3473,7.5762100000000006
CZ01,Heating Tertiary,3474,7.6116600000000005
CZ01,Heating Tertiary,3475,7.77565
CZ01,Heating Tertiary,3476,8.278789999999999
CZ01,Heating Tertiary,3477,9.28615
CZ01,Heating Tertiary,3478,10.7938
CZ01,Heating Tertiary,3479,12.588
CZ01,Heating Tertiary,3480,14.3026
CZ01,Heating Tertiary,3481,33.8792
CZ01,Heating Tertiary,3482,35.6364
CZ01,Heating Tertiary,3483,36.5433
CZ01,Heating Tertiary,3484,36.9292
CZ01,Heating Tertiary,3485,36.3607
CZ01,Heating Tertiary,3486,34.3187
CZ01,Heating Tertiary,3487,31.0119
CZ01,Heating Tertiary,3488,27.146
CZ01,Heating Tertiary,3489,23.6403
CZ01,Heating Tertiary,3490,20.9027
CZ01,Heating Tertiary,3491,19.0149
CZ01,Heating Tertiary,3492,17.5981
CZ01,Heating Tertiary,3493,16.6295
CZ01,Heating Tertiary,3494,16.1792
CZ01,Heating Tertiary,3495,16.1818
CZ01,Heating Tertiary,3496,16.358
CZ01,Heating Tertiary,3497,16.4152
CZ01,Heating Tertiary,3498,16.492
CZ01,Heating Tertiary,3499,16.8473
CZ01,Heating Tertiary,3500,17.9374
CZ01,Heating Tertiary,3501,20.12
CZ01,Heating Tertiary,3502,23.3866
CZ01,Heating Tertiary,3503,27.2739
CZ01,Heating Tertiary,3504,30.989
CZ01,Heating Tertiary,3505,68.0839
CZ01,Heating Tertiary,3506,71.6158
CZ01,Heating Tertiary,3507,73.4381
CZ01,Heating Tertiary,3508,74.2131
CZ01,Heating Tertiary,3509,73.071
CZ01,Heating Tertiary,3510,68.9672
CZ01,Heating Tertiary,3511,62.3218
CZ01,Heating Tertiary,3512,54.553000000000004
CZ01,Heating Tertiary,3513,47.5079
CZ01,Heating Tertiary,3514,42.0064
CZ01,Heating Tertiary,3515,38.2127
CZ01,Heating Tertiary,3516,35.3653
CZ01,Heating Tertiary,3517,33.4189
CZ01,Heating Tertiary,3518,32.5139
CZ01,Heating Tertiary,3519,32.5193
CZ01,Heating Tertiary,3520,32.8732
CZ01,Heating Tertiary,3521,32.9882
CZ01,Heating Tertiary,3522,33.1425
CZ01,Heating Tertiary,3523,33.8566
CZ01,Heating Tertiary,3524,36.0473
CZ01,Heating Tertiary,3525,40.4335
CZ01,Heating Tertiary,3526,46.9981
CZ01,Heating Tertiary,3527,54.8101
CZ01,Heating Tertiary,3528,62.2757
CZ01,Heating Tertiary,3529,53.4248
CZ01,Heating Tertiary,3530,56.1959
CZ01,Heating Tertiary,3531,57.6259
CZ01,Heating Tertiary,3532,58.2347
CZ01,Heating Tertiary,3533,57.3381
CZ01,Heating Tertiary,3534,54.1179
CZ01,Heating Tertiary,3535,48.9033
CZ01,Heating Tertiary,3536,42.8071
CZ01,Heating Tertiary,3537,37.2789
CZ01,Heating Tertiary,3538,32.9619
CZ01,Heating Tertiary,3539,29.9851
CZ01,Heating Tertiary,3540,27.7508
CZ01,Heating Tertiary,3541,26.2234
CZ01,Heating Tertiary,3542,25.5133
CZ01,Heating Tertiary,3543,25.5175
CZ01,Heating Tertiary,3544,25.7953
CZ01,Heating Tertiary,3545,25.8855
CZ01,Heating Tertiary,3546,26.0066
CZ01,Heating Tertiary,3547,26.5668
CZ01,Heating Tertiary,3548,28.2859
CZ01,Heating Tertiary,3549,31.7278
CZ01,Heating Tertiary,3550,36.8788
CZ01,Heating Tertiary,3551,43.0089
CZ01,Heating Tertiary,3552,48.8672
CZ01,Heating Tertiary,3553,17.2723
CZ01,Heating Tertiary,3554,17.7518
CZ01,Heating Tertiary,3555,18.0289
CZ01,Heating Tertiary,3556,17.8276
CZ01,Heating Tertiary,3557,16.9174
CZ01,Heating Tertiary,3558,15.3913
CZ01,Heating Tertiary,3559,13.5623
CZ01,Heating Tertiary,3560,11.7796
CZ01,Heating Tertiary,3561,10.3374
CZ01,Heating Tertiary,3562,9.30756
CZ01,Heating Tertiary,3563,8.55377
CZ01,Heating Tertiary,3564,8.011389999999999
CZ01,Heating Tertiary,3565,7.75868
CZ01,Heating Tertiary,3566,7.77807
CZ01,Heating Tertiary,3567,7.8878
CZ01,Heating Tertiary,3568,7.92629
CZ01,Heating Tertiary,3569,7.91622
CZ01,Heating Tertiary,3570,7.9958
CZ01,Heating Tertiary,3571,8.42028
CZ01,Heating Tertiary,3572,9.46643
CZ01,Heating Tertiary,3573,11.1304
CZ01,Heating Tertiary,3574,13.1852
CZ01,Heating Tertiary,3575,15.0675
CZ01,Heating Tertiary,3576,16.4695
CZ01,Heating Tertiary,3577,17.7697
CZ01,Heating Tertiary,3578,18.242
CZ01,Heating Tertiary,3579,18.4298
CZ01,Heating Tertiary,3580,18.1477
CZ01,Heating Tertiary,3581,17.2235
CZ01,Heating Tertiary,3582,15.7107
CZ01,Heating Tertiary,3583,13.8892
CZ01,Heating Tertiary,3584,12.154000000000002
CZ01,Heating Tertiary,3585,10.8019
CZ01,Heating Tertiary,3586,9.87474
CZ01,Heating Tertiary,3587,9.16549
CZ01,Heating Tertiary,3588,8.60585
CZ01,Heating Tertiary,3589,8.294210000000001
CZ01,Heating Tertiary,3590,8.15202
CZ01,Heating Tertiary,3591,8.09362
CZ01,Heating Tertiary,3592,7.98815
CZ01,Heating Tertiary,3593,7.94315
CZ01,Heating Tertiary,3594,8.062610000000001
CZ01,Heating Tertiary,3595,8.53433
CZ01,Heating Tertiary,3596,9.54762
CZ01,Heating Tertiary,3597,11.0856
CZ01,Heating Tertiary,3598,13.0301
CZ01,Heating Tertiary,3599,15.0575
CZ01,Heating Tertiary,3600,16.7223
CZ01,Heating Tertiary,3601,33.8792
CZ01,Heating Tertiary,3602,35.6364
CZ01,Heating Tertiary,3603,36.5433
CZ01,Heating Tertiary,3604,36.9292
CZ01,Heating Tertiary,3605,36.3607
CZ01,Heating Tertiary,3606,34.3187
CZ01,Heating Tertiary,3607,31.0119
CZ01,Heating Tertiary,3608,27.146
CZ01,Heating Tertiary,3609,23.6403
CZ01,Heating Tertiary,3610,20.9027
CZ01,Heating Tertiary,3611,19.0149
CZ01,Heating Tertiary,3612,17.5981
CZ01,Heating Tertiary,3613,16.6295
CZ01,Heating Tertiary,3614,16.1792
CZ01,Heating Tertiary,3615,16.1818
CZ01,Heating Tertiary,3616,16.358
CZ01,Heating Tertiary,3617,16.4152
CZ01,Heating Tertiary,3618,16.492
CZ01,Heating Tertiary,3619,16.8473
CZ01,Heating Tertiary,3620,17.9374
CZ01,Heating Tertiary,3621,20.12
CZ01,Heating Tertiary,3622,23.3866
CZ01,Heating Tertiary,3623,27.2739
CZ01,Heating Tertiary,3624,30.989
CZ01,Heating Tertiary,3625,83.3949
CZ01,Heating Tertiary,3626,87.7203
CZ01,Heating Tertiary,3627,89.9528
CZ01,Heating Tertiary,3628,90.9028
CZ01,Heating Tertiary,3629,89.5034
CZ01,Heating Tertiary,3630,84.4767
CZ01,Heating Tertiary,3631,76.337
CZ01,Heating Tertiary,3632,66.8209
CZ01,Heating Tertiary,3633,58.1915
CZ01,Heating Tertiary,3634,51.4528
CZ01,Heating Tertiary,3635,46.806000000000004
CZ01,Heating Tertiary,3636,43.3183
CZ01,Heating Tertiary,3637,40.9342
CZ01,Heating Tertiary,3638,39.8256
CZ01,Heating Tertiary,3639,39.8322
CZ01,Heating Tertiary,3640,40.2658
CZ01,Heating Tertiary,3641,40.4066
CZ01,Heating Tertiary,3642,40.5957
CZ01,Heating Tertiary,3643,41.4702
CZ01,Heating Tertiary,3644,44.1536
CZ01,Heating Tertiary,3645,49.5263
CZ01,Heating Tertiary,3646,57.5672
CZ01,Heating Tertiary,3647,67.1356
CZ01,Heating Tertiary,3648,76.2806
CZ01,Heating Tertiary,3649,98.3797
CZ01,Heating Tertiary,3650,103.48299999999999
CZ01,Heating Tertiary,3651,106.116
CZ01,Heating Tertiary,3652,107.236
CZ01,Heating Tertiary,3653,105.586
CZ01,Heating Tertiary,3654,99.6559
CZ01,Heating Tertiary,3655,90.0535
CZ01,Heating Tertiary,3656,78.8279
CZ01,Heating Tertiary,3657,68.6478
CZ01,Heating Tertiary,3658,60.698
CZ01,Heating Tertiary,3659,55.2164
CZ01,Heating Tertiary,3660,51.102
CZ01,Heating Tertiary,3661,48.2896
CZ01,Heating Tertiary,3662,46.9818
CZ01,Heating Tertiary,3663,46.9895
CZ01,Heating Tertiary,3664,47.50100000000001
CZ01,Heating Tertiary,3665,47.6672
CZ01,Heating Tertiary,3666,47.8902
CZ01,Heating Tertiary,3667,48.9219
CZ01,Heating Tertiary,3668,52.0875
CZ01,Heating Tertiary,3669,58.4257
CZ01,Heating Tertiary,3670,67.9113
CZ01,Heating Tertiary,3671,79.1991
CZ01,Heating Tertiary,3672,89.9874
CZ01,Heating Tertiary,3673,83.3949
CZ01,Heating Tertiary,3674,87.7203
CZ01,Heating Tertiary,3675,89.9528
CZ01,Heating Tertiary,3676,90.9028
CZ01,Heating Tertiary,3677,89.5034
CZ01,Heating Tertiary,3678,84.4767
CZ01,Heating Tertiary,3679,76.337
CZ01,Heating Tertiary,3680,66.8209
CZ01,Heating Tertiary,3681,58.1915
CZ01,Heating Tertiary,3682,51.4528
CZ01,Heating Tertiary,3683,46.806000000000004
CZ01,Heating Tertiary,3684,43.3183
CZ01,Heating Tertiary,3685,40.9342
CZ01,Heating Tertiary,3686,39.8256
CZ01,Heating Tertiary,3687,39.8322
CZ01,Heating Tertiary,3688,40.2658
CZ01,Heating Tertiary,3689,40.4066
CZ01,Heating Tertiary,3690,40.5957
CZ01,Heating Tertiary,3691,41.4702
CZ01,Heating Tertiary,3692,44.1536
CZ01,Heating Tertiary,3693,49.5263
CZ01,Heating Tertiary,3694,57.5672
CZ01,Heating Tertiary,3695,67.1356
CZ01,Heating Tertiary,3696,76.2806
CZ01,Heating Tertiary,3697,53.4248
CZ01,Heating Tertiary,3698,56.1959
CZ01,Heating Tertiary,3699,57.6259
CZ01,Heating Tertiary,3700,58.2347
CZ01,Heating Tertiary,3701,57.3381
CZ01,Heating Tertiary,3702,54.1179
CZ01,Heating Tertiary,3703,48.9033
CZ01,Heating Tertiary,3704,42.8071
CZ01,Heating Tertiary,3705,37.2789
CZ01,Heating Tertiary,3706,32.9619
CZ01,Heating Tertiary,3707,29.9851
CZ01,Heating Tertiary,3708,27.7508
CZ01,Heating Tertiary,3709,26.2234
CZ01,Heating Tertiary,3710,25.5133
CZ01,Heating Tertiary,3711,25.5175
CZ01,Heating Tertiary,3712,25.7953
CZ01,Heating Tertiary,3713,25.8855
CZ01,Heating Tertiary,3714,26.0066
CZ01,Heating Tertiary,3715,26.5668
CZ01,Heating Tertiary,3716,28.2859
CZ01,Heating Tertiary,3717,31.7278
CZ01,Heating Tertiary,3718,36.8788
CZ01,Heating Tertiary,3719,43.0089
CZ01,Heating Tertiary,3720,48.8672
CZ01,Heating Tertiary,3721,17.2723
CZ01,Heating Tertiary,3722,17.7518
CZ01,Heating Tertiary,3723,18.0289
CZ01,Heating Tertiary,3724,17.8276
CZ01,Heating Tertiary,3725,16.9174
CZ01,Heating Tertiary,3726,15.3913
CZ01,Heating Tertiary,3727,13.5623
CZ01,Heating Tertiary,3728,11.7796
CZ01,Heating Tertiary,3729,10.3374
CZ01,Heating Tertiary,3730,9.30756
CZ01,Heating Tertiary,3731,8.55377
CZ01,Heating Tertiary,3732,8.011389999999999
CZ01,Heating Tertiary,3733,7.75868
CZ01,Heating Tertiary,3734,7.77807
CZ01,Heating Tertiary,3735,7.8878
CZ01,Heating Tertiary,3736,7.92629
CZ01,Heating Tertiary,3737,7.91622
CZ01,Heating Tertiary,3738,7.9958
CZ01,Heating Tertiary,3739,8.42028
CZ01,Heating Tertiary,3740,9.46643
CZ01,Heating Tertiary,3741,11.1304
CZ01,Heating Tertiary,3742,13.1852
CZ01,Heating Tertiary,3743,15.0675
CZ01,Heating Tertiary,3744,16.4695
CZ01,Heating Tertiary,3745,17.7697
CZ01,Heating Tertiary,3746,18.242
CZ01,Heating Tertiary,3747,18.4298
CZ01,Heating Tertiary,3748,18.1477
CZ01,Heating Tertiary,3749,17.2235
CZ01,Heating Tertiary,3750,15.7107
CZ01,Heating Tertiary,3751,13.8892
CZ01,Heating Tertiary,3752,12.154000000000002
CZ01,Heating Tertiary,3753,10.8019
CZ01,Heating Tertiary,3754,9.87474
CZ01,Heating Tertiary,3755,9.16549
CZ01,Heating Tertiary,3756,8.60585
CZ01,Heating Tertiary,3757,8.294210000000001
CZ01,Heating Tertiary,3758,8.15202
CZ01,Heating Tertiary,3759,8.09362
CZ01,Heating Tertiary,3760,7.98815
CZ01,Heating Tertiary,3761,7.94315
CZ01,Heating Tertiary,3762,8.062610000000001
CZ01,Heating Tertiary,3763,8.53433
CZ01,Heating Tertiary,3764,9.54762
CZ01,Heating Tertiary,3765,11.0856
CZ01,Heating Tertiary,3766,13.0301
CZ01,Heating Tertiary,3767,15.0575
CZ01,Heating Tertiary,3768,16.7223
CZ01,Heating Tertiary,3769,15.6365
CZ01,Heating Tertiary,3770,16.4476
CZ01,Heating Tertiary,3771,16.8662
CZ01,Heating Tertiary,3772,17.0443
CZ01,Heating Tertiary,3773,16.7819
CZ01,Heating Tertiary,3774,15.8394
CZ01,Heating Tertiary,3775,14.3132
CZ01,Heating Tertiary,3776,12.5289
CZ01,Heating Tertiary,3777,10.9109
CZ01,Heating Tertiary,3778,9.64739
CZ01,Heating Tertiary,3779,8.776110000000001
CZ01,Heating Tertiary,3780,8.122160000000001
CZ01,Heating Tertiary,3781,7.67518
CZ01,Heating Tertiary,3782,7.4672899999999975
CZ01,Heating Tertiary,3783,7.468560000000001
CZ01,Heating Tertiary,3784,7.5498
CZ01,Heating Tertiary,3785,7.5762100000000006
CZ01,Heating Tertiary,3786,7.6116600000000005
CZ01,Heating Tertiary,3787,7.77565
CZ01,Heating Tertiary,3788,8.278789999999999
CZ01,Heating Tertiary,3789,9.28615
CZ01,Heating Tertiary,3790,10.7938
CZ01,Heating Tertiary,3791,12.588
CZ01,Heating Tertiary,3792,14.3026
CZ01,Heating Tertiary,3793,15.6365
CZ01,Heating Tertiary,3794,16.4476
CZ01,Heating Tertiary,3795,16.8662
CZ01,Heating Tertiary,3796,17.0443
CZ01,Heating Tertiary,3797,16.7819
CZ01,Heating Tertiary,3798,15.8394
CZ01,Heating Tertiary,3799,14.3132
CZ01,Heating Tertiary,3800,12.5289
CZ01,Heating Tertiary,3801,10.9109
CZ01,Heating Tertiary,3802,9.64739
CZ01,Heating Tertiary,3803,8.776110000000001
CZ01,Heating Tertiary,3804,8.122160000000001
CZ01,Heating Tertiary,3805,7.67518
CZ01,Heating Tertiary,3806,7.4672899999999975
CZ01,Heating Tertiary,3807,7.468560000000001
CZ01,Heating Tertiary,3808,7.5498
CZ01,Heating Tertiary,3809,7.5762100000000006
CZ01,Heating Tertiary,3810,7.6116600000000005
CZ01,Heating Tertiary,3811,7.77565
CZ01,Heating Tertiary,3812,8.278789999999999
CZ01,Heating Tertiary,3813,9.28615
CZ01,Heating Tertiary,3814,10.7938
CZ01,Heating Tertiary,3815,12.588
CZ01,Heating Tertiary,3816,14.3026
CZ01,Heating Tertiary,3817,15.6365
CZ01,Heating Tertiary,3818,16.4476
CZ01,Heating Tertiary,3819,16.8662
CZ01,Heating Tertiary,3820,17.0443
CZ01,Heating Tertiary,3821,16.7819
CZ01,Heating Tertiary,3822,15.8394
CZ01,Heating Tertiary,3823,14.3132
CZ01,Heating Tertiary,3824,12.5289
CZ01,Heating Tertiary,3825,10.9109
CZ01,Heating Tertiary,3826,9.64739
CZ01,Heating Tertiary,3827,8.776110000000001
CZ01,Heating Tertiary,3828,8.122160000000001
CZ01,Heating Tertiary,3829,7.67518
CZ01,Heating Tertiary,3830,7.4672899999999975
CZ01,Heating Tertiary,3831,7.468560000000001
CZ01,Heating Tertiary,3832,7.5498
CZ01,Heating Tertiary,3833,7.5762100000000006
CZ01,Heating Tertiary,3834,7.6116600000000005
CZ01,Heating Tertiary,3835,7.77565
CZ01,Heating Tertiary,3836,8.278789999999999
CZ01,Heating Tertiary,3837,9.28615
CZ01,Heating Tertiary,3838,10.7938
CZ01,Heating Tertiary,3839,12.588
CZ01,Heating Tertiary,3840,14.3026
CZ01,Heating Tertiary,3841,15.6365
CZ01,Heating Tertiary,3842,16.4476
CZ01,Heating Tertiary,3843,16.8662
CZ01,Heating Tertiary,3844,17.0443
CZ01,Heating Tertiary,3845,16.7819
CZ01,Heating Tertiary,3846,15.8394
CZ01,Heating Tertiary,3847,14.3132
CZ01,Heating Tertiary,3848,12.5289
CZ01,Heating Tertiary,3849,10.9109
CZ01,Heating Tertiary,3850,9.64739
CZ01,Heating Tertiary,3851,8.776110000000001
CZ01,Heating Tertiary,3852,8.122160000000001
CZ01,Heating Tertiary,3853,7.67518
CZ01,Heating Tertiary,3854,7.4672899999999975
CZ01,Heating Tertiary,3855,7.468560000000001
CZ01,Heating Tertiary,3856,7.5498
CZ01,Heating Tertiary,3857,7.5762100000000006
CZ01,Heating Tertiary,3858,7.6116600000000005
CZ01,Heating Tertiary,3859,7.77565
CZ01,Heating Tertiary,3860,8.278789999999999
CZ01,Heating Tertiary,3861,9.28615
CZ01,Heating Tertiary,3862,10.7938
CZ01,Heating Tertiary,3863,12.588
CZ01,Heating Tertiary,3864,14.3026
CZ01,Heating Tertiary,3865,15.6365
CZ01,Heating Tertiary,3866,16.4476
CZ01,Heating Tertiary,3867,16.8662
CZ01,Heating Tertiary,3868,17.0443
CZ01,Heating Tertiary,3869,16.7819
CZ01,Heating Tertiary,3870,15.8394
CZ01,Heating Tertiary,3871,14.3132
CZ01,Heating Tertiary,3872,12.5289
CZ01,Heating Tertiary,3873,10.9109
CZ01,Heating Tertiary,3874,9.64739
CZ01,Heating Tertiary,3875,8.776110000000001
CZ01,Heating Tertiary,3876,8.122160000000001
CZ01,Heating Tertiary,3877,7.67518
CZ01,Heating Tertiary,3878,7.4672899999999975
CZ01,Heating Tertiary,3879,7.468560000000001
CZ01,Heating Tertiary,3880,7.5498
CZ01,Heating Tertiary,3881,7.5762100000000006
CZ01,Heating Tertiary,3882,7.6116600000000005
CZ01,Heating Tertiary,3883,7.77565
CZ01,Heating Tertiary,3884,8.278789999999999
CZ01,Heating Tertiary,3885,9.28615
CZ01,Heating Tertiary,3886,10.7938
CZ01,Heating Tertiary,3887,12.588
CZ01,Heating Tertiary,3888,14.3026
CZ01,Heating Tertiary,3889,17.2723
CZ01,Heating Tertiary,3890,17.7518
CZ01,Heating Tertiary,3891,18.0289
CZ01,Heating Tertiary,3892,17.8276
CZ01,Heating Tertiary,3893,16.9174
CZ01,Heating Tertiary,3894,15.3913
CZ01,Heating Tertiary,3895,13.5623
CZ01,Heating Tertiary,3896,11.7796
CZ01,Heating Tertiary,3897,10.3374
CZ01,Heating Tertiary,3898,9.30756
CZ01,Heating Tertiary,3899,8.55377
CZ01,Heating Tertiary,3900,8.011389999999999
CZ01,Heating Tertiary,3901,7.75868
CZ01,Heating Tertiary,3902,7.77807
CZ01,Heating Tertiary,3903,7.8878
CZ01,Heating Tertiary,3904,7.92629
CZ01,Heating Tertiary,3905,7.91622
CZ01,Heating Tertiary,3906,7.9958
CZ01,Heating Tertiary,3907,8.42028
CZ01,Heating Tertiary,3908,9.46643
CZ01,Heating Tertiary,3909,11.1304
CZ01,Heating Tertiary,3910,13.1852
CZ01,Heating Tertiary,3911,15.0675
CZ01,Heating Tertiary,3912,16.4695
CZ01,Heating Tertiary,3913,17.7697
CZ01,Heating Tertiary,3914,18.242
CZ01,Heating Tertiary,3915,18.4298
CZ01,Heating Tertiary,3916,18.1477
CZ01,Heating Tertiary,3917,17.2235
CZ01,Heating Tertiary,3918,15.7107
CZ01,Heating Tertiary,3919,13.8892
CZ01,Heating Tertiary,3920,12.154000000000002
CZ01,Heating Tertiary,3921,10.8019
CZ01,Heating Tertiary,3922,9.87474
CZ01,Heating Tertiary,3923,9.16549
CZ01,Heating Tertiary,3924,8.60585
CZ01,Heating Tertiary,3925,8.294210000000001
CZ01,Heating Tertiary,3926,8.15202
CZ01,Heating Tertiary,3927,8.09362
CZ01,Heating Tertiary,3928,7.98815
CZ01,Heating Tertiary,3929,7.94315
CZ01,Heating Tertiary,3930,8.062610000000001
CZ01,Heating Tertiary,3931,8.53433
CZ01,Heating Tertiary,3932,9.54762
CZ01,Heating Tertiary,3933,11.0856
CZ01,Heating Tertiary,3934,13.0301
CZ01,Heating Tertiary,3935,15.0575
CZ01,Heating Tertiary,3936,16.7223
CZ01,Heating Tertiary,3937,15.6365
CZ01,Heating Tertiary,3938,16.4476
CZ01,Heating Tertiary,3939,16.8662
CZ01,Heating Tertiary,3940,17.0443
CZ01,Heating Tertiary,3941,16.7819
CZ01,Heating Tertiary,3942,15.8394
CZ01,Heating Tertiary,3943,14.3132
CZ01,Heating Tertiary,3944,12.5289
CZ01,Heating Tertiary,3945,10.9109
CZ01,Heating Tertiary,3946,9.64739
CZ01,Heating Tertiary,3947,8.776110000000001
CZ01,Heating Tertiary,3948,8.122160000000001
CZ01,Heating Tertiary,3949,7.67518
CZ01,Heating Tertiary,3950,7.4672899999999975
CZ01,Heating Tertiary,3951,7.468560000000001
CZ01,Heating Tertiary,3952,7.5498
CZ01,Heating Tertiary,3953,7.5762100000000006
CZ01,Heating Tertiary,3954,7.6116600000000005
CZ01,Heating Tertiary,3955,7.77565
CZ01,Heating Tertiary,3956,8.278789999999999
CZ01,Heating Tertiary,3957,9.28615
CZ01,Heating Tertiary,3958,10.7938
CZ01,Heating Tertiary,3959,12.588
CZ01,Heating Tertiary,3960,14.3026
CZ01,Heating Tertiary,3961,15.6365
CZ01,Heating Tertiary,3962,16.4476
CZ01,Heating Tertiary,3963,16.8662
CZ01,Heating Tertiary,3964,17.0443
CZ01,Heating Tertiary,3965,16.7819
CZ01,Heating Tertiary,3966,15.8394
CZ01,Heating Tertiary,3967,14.3132
CZ01,Heating Tertiary,3968,12.5289
CZ01,Heating Tertiary,3969,10.9109
CZ01,Heating Tertiary,3970,9.64739
CZ01,Heating Tertiary,3971,8.776110000000001
CZ01,Heating Tertiary,3972,8.122160000000001
CZ01,Heating Tertiary,3973,7.67518
CZ01,Heating Tertiary,3974,7.4672899999999975
CZ01,Heating Tertiary,3975,7.468560000000001
CZ01,Heating Tertiary,3976,7.5498
CZ01,Heating Tertiary,3977,7.5762100000000006
CZ01,Heating Tertiary,3978,7.6116600000000005
CZ01,Heating Tertiary,3979,7.77565
CZ01,Heating Tertiary,3980,8.278789999999999
CZ01,Heating Tertiary,3981,9.28615
CZ01,Heating Tertiary,3982,10.7938
CZ01,Heating Tertiary,3983,12.588
CZ01,Heating Tertiary,3984,14.3026
CZ01,Heating Tertiary,3985,15.6365
CZ01,Heating Tertiary,3986,16.4476
CZ01,Heating Tertiary,3987,16.8662
CZ01,Heating Tertiary,3988,17.0443
CZ01,Heating Tertiary,3989,16.7819
CZ01,Heating Tertiary,3990,15.8394
CZ01,Heating Tertiary,3991,14.3132
CZ01,Heating Tertiary,3992,12.5289
CZ01,Heating Tertiary,3993,10.9109
CZ01,Heating Tertiary,3994,9.64739
CZ01,Heating Tertiary,3995,8.776110000000001
CZ01,Heating Tertiary,3996,8.122160000000001
CZ01,Heating Tertiary,3997,7.67518
CZ01,Heating Tertiary,3998,7.4672899999999975
CZ01,Heating Tertiary,3999,7.468560000000001
CZ01,Heating Tertiary,4000,7.5498
CZ01,Heating Tertiary,4001,7.5762100000000006
CZ01,Heating Tertiary,4002,7.6116600000000005
CZ01,Heating Tertiary,4003,7.77565
CZ01,Heating Tertiary,4004,8.278789999999999
CZ01,Heating Tertiary,4005,9.28615
CZ01,Heating Tertiary,4006,10.7938
CZ01,Heating Tertiary,4007,12.588
CZ01,Heating Tertiary,4008,14.3026
CZ01,Heating Tertiary,4009,15.6365
CZ01,Heating Tertiary,4010,16.4476
CZ01,Heating Tertiary,4011,16.8662
CZ01,Heating Tertiary,4012,17.0443
CZ01,Heating Tertiary,4013,16.7819
CZ01,Heating Tertiary,4014,15.8394
CZ01,Heating Tertiary,4015,14.3132
CZ01,Heating Tertiary,4016,12.5289
CZ01,Heating Tertiary,4017,10.9109
CZ01,Heating Tertiary,4018,9.64739
CZ01,Heating Tertiary,4019,8.776110000000001
CZ01,Heating Tertiary,4020,8.122160000000001
CZ01,Heating Tertiary,4021,7.67518
CZ01,Heating Tertiary,4022,7.4672899999999975
CZ01,Heating Tertiary,4023,7.468560000000001
CZ01,Heating Tertiary,4024,7.5498
CZ01,Heating Tertiary,4025,7.5762100000000006
CZ01,Heating Tertiary,4026,7.6116600000000005
CZ01,Heating Tertiary,4027,7.77565
CZ01,Heating Tertiary,4028,8.278789999999999
CZ01,Heating Tertiary,4029,9.28615
CZ01,Heating Tertiary,4030,10.7938
CZ01,Heating Tertiary,4031,12.588
CZ01,Heating Tertiary,4032,14.3026
CZ01,Heating Tertiary,4033,15.6365
CZ01,Heating Tertiary,4034,16.4476
CZ01,Heating Tertiary,4035,16.8662
CZ01,Heating Tertiary,4036,17.0443
CZ01,Heating Tertiary,4037,16.7819
CZ01,Heating Tertiary,4038,15.8394
CZ01,Heating Tertiary,4039,14.3132
CZ01,Heating Tertiary,4040,12.5289
CZ01,Heating Tertiary,4041,10.9109
CZ01,Heating Tertiary,4042,9.64739
CZ01,Heating Tertiary,4043,8.776110000000001
CZ01,Heating Tertiary,4044,8.122160000000001
CZ01,Heating Tertiary,4045,7.67518
CZ01,Heating Tertiary,4046,7.4672899999999975
CZ01,Heating Tertiary,4047,7.468560000000001
CZ01,Heating Tertiary,4048,7.5498
CZ01,Heating Tertiary,4049,7.5762100000000006
CZ01,Heating Tertiary,4050,7.6116600000000005
CZ01,Heating Tertiary,4051,7.77565
CZ01,Heating Tertiary,4052,8.278789999999999
CZ01,Heating Tertiary,4053,9.28615
CZ01,Heating Tertiary,4054,10.7938
CZ01,Heating Tertiary,4055,12.588
CZ01,Heating Tertiary,4056,14.3026
CZ01,Heating Tertiary,4057,17.2723
CZ01,Heating Tertiary,4058,17.7518
CZ01,Heating Tertiary,4059,18.0289
CZ01,Heating Tertiary,4060,17.8276
CZ01,Heating Tertiary,4061,16.9174
CZ01,Heating Tertiary,4062,15.3913
CZ01,Heating Tertiary,4063,13.5623
CZ01,Heating Tertiary,4064,11.7796
CZ01,Heating Tertiary,4065,10.3374
CZ01,Heating Tertiary,4066,9.30756
CZ01,Heating Tertiary,4067,8.55377
CZ01,Heating Tertiary,4068,8.011389999999999
CZ01,Heating Tertiary,4069,7.75868
CZ01,Heating Tertiary,4070,7.77807
CZ01,Heating Tertiary,4071,7.8878
CZ01,Heating Tertiary,4072,7.92629
CZ01,Heating Tertiary,4073,7.91622
CZ01,Heating Tertiary,4074,7.9958
CZ01,Heating Tertiary,4075,8.42028
CZ01,Heating Tertiary,4076,9.46643
CZ01,Heating Tertiary,4077,11.1304
CZ01,Heating Tertiary,4078,13.1852
CZ01,Heating Tertiary,4079,15.0675
CZ01,Heating Tertiary,4080,16.4695
CZ01,Heating Tertiary,4081,77.3727
CZ01,Heating Tertiary,4082,79.4286
CZ01,Heating Tertiary,4083,80.2469
CZ01,Heating Tertiary,4084,79.0178
CZ01,Heating Tertiary,4085,74.994
CZ01,Heating Tertiary,4086,68.4073
CZ01,Heating Tertiary,4087,60.4759
CZ01,Heating Tertiary,4088,52.9207
CZ01,Heating Tertiary,4089,47.0334
CZ01,Heating Tertiary,4090,42.9964
CZ01,Heating Tertiary,4091,39.9081
CZ01,Heating Tertiary,4092,37.4714
CZ01,Heating Tertiary,4093,36.1143
CZ01,Heating Tertiary,4094,35.4952
CZ01,Heating Tertiary,4095,35.2409
CZ01,Heating Tertiary,4096,34.7816
CZ01,Heating Tertiary,4097,34.5857
CZ01,Heating Tertiary,4098,35.106
CZ01,Heating Tertiary,4099,37.1598
CZ01,Heating Tertiary,4100,41.5719
CZ01,Heating Tertiary,4101,48.2684
CZ01,Heating Tertiary,4102,56.7353
CZ01,Heating Tertiary,4103,65.5631
CZ01,Heating Tertiary,4104,72.8115
CZ01,Heating Tertiary,4105,53.4248
CZ01,Heating Tertiary,4106,56.1959
CZ01,Heating Tertiary,4107,57.6259
CZ01,Heating Tertiary,4108,58.2347
CZ01,Heating Tertiary,4109,57.3381
CZ01,Heating Tertiary,4110,54.1179
CZ01,Heating Tertiary,4111,48.9033
CZ01,Heating Tertiary,4112,42.8071
CZ01,Heating Tertiary,4113,37.2789
CZ01,Heating Tertiary,4114,32.9619
CZ01,Heating Tertiary,4115,29.9851
CZ01,Heating Tertiary,4116,27.7508
CZ01,Heating Tertiary,4117,26.2234
CZ01,Heating Tertiary,4118,25.5133
CZ01,Heating Tertiary,4119,25.5175
CZ01,Heating Tertiary,4120,25.7953
CZ01,Heating Tertiary,4121,25.8855
CZ01,Heating Tertiary,4122,26.0066
CZ01,Heating Tertiary,4123,26.5668
CZ01,Heating Tertiary,4124,28.2859
CZ01,Heating Tertiary,4125,31.7278
CZ01,Heating Tertiary,4126,36.8788
CZ01,Heating Tertiary,4127,43.0089
CZ01,Heating Tertiary,4128,48.8672
CZ01,Heating Tertiary,4129,53.4248
CZ01,Heating Tertiary,4130,56.1959
CZ01,Heating Tertiary,4131,57.6259
CZ01,Heating Tertiary,4132,58.2347
CZ01,Heating Tertiary,4133,57.3381
CZ01,Heating Tertiary,4134,54.1179
CZ01,Heating Tertiary,4135,48.9033
CZ01,Heating Tertiary,4136,42.8071
CZ01,Heating Tertiary,4137,37.2789
CZ01,Heating Tertiary,4138,32.9619
CZ01,Heating Tertiary,4139,29.9851
CZ01,Heating Tertiary,4140,27.7508
CZ01,Heating Tertiary,4141,26.2234
CZ01,Heating Tertiary,4142,25.5133
CZ01,Heating Tertiary,4143,25.5175
CZ01,Heating Tertiary,4144,25.7953
CZ01,Heating Tertiary,4145,25.8855
CZ01,Heating Tertiary,4146,26.0066
CZ01,Heating Tertiary,4147,26.5668
CZ01,Heating Tertiary,4148,28.2859
CZ01,Heating Tertiary,4149,31.7278
CZ01,Heating Tertiary,4150,36.8788
CZ01,Heating Tertiary,4151,43.0089
CZ01,Heating Tertiary,4152,48.8672
CZ01,Heating Tertiary,4153,15.6365
CZ01,Heating Tertiary,4154,16.4476
CZ01,Heating Tertiary,4155,16.8662
CZ01,Heating Tertiary,4156,17.0443
CZ01,Heating Tertiary,4157,16.7819
CZ01,Heating Tertiary,4158,15.8394
CZ01,Heating Tertiary,4159,14.3132
CZ01,Heating Tertiary,4160,12.5289
CZ01,Heating Tertiary,4161,10.9109
CZ01,Heating Tertiary,4162,9.64739
CZ01,Heating Tertiary,4163,8.776110000000001
CZ01,Heating Tertiary,4164,8.122160000000001
CZ01,Heating Tertiary,4165,7.67518
CZ01,Heating Tertiary,4166,7.4672899999999975
CZ01,Heating Tertiary,4167,7.468560000000001
CZ01,Heating Tertiary,4168,7.5498
CZ01,Heating Tertiary,4169,7.5762100000000006
CZ01,Heating Tertiary,4170,7.6116600000000005
CZ01,Heating Tertiary,4171,7.77565
CZ01,Heating Tertiary,4172,8.278789999999999
CZ01,Heating Tertiary,4173,9.28615
CZ01,Heating Tertiary,4174,10.7938
CZ01,Heating Tertiary,4175,12.588
CZ01,Heating Tertiary,4176,14.3026
CZ01,Heating Tertiary,4177,15.6365
CZ01,Heating Tertiary,4178,16.4476
CZ01,Heating Tertiary,4179,16.8662
CZ01,Heating Tertiary,4180,17.0443
CZ01,Heating Tertiary,4181,16.7819
CZ01,Heating Tertiary,4182,15.8394
CZ01,Heating Tertiary,4183,14.3132
CZ01,Heating Tertiary,4184,12.5289
CZ01,Heating Tertiary,4185,10.9109
CZ01,Heating Tertiary,4186,9.64739
CZ01,Heating Tertiary,4187,8.776110000000001
CZ01,Heating Tertiary,4188,8.122160000000001
CZ01,Heating Tertiary,4189,7.67518
CZ01,Heating Tertiary,4190,7.4672899999999975
CZ01,Heating Tertiary,4191,7.468560000000001
CZ01,Heating Tertiary,4192,7.5498
CZ01,Heating Tertiary,4193,7.5762100000000006
CZ01,Heating Tertiary,4194,7.6116600000000005
CZ01,Heating Tertiary,4195,7.77565
CZ01,Heating Tertiary,4196,8.278789999999999
CZ01,Heating Tertiary,4197,9.28615
CZ01,Heating Tertiary,4198,10.7938
CZ01,Heating Tertiary,4199,12.588
CZ01,Heating Tertiary,4200,14.3026
CZ01,Heating Tertiary,4201,15.6365
CZ01,Heating Tertiary,4202,16.4476
CZ01,Heating Tertiary,4203,16.8662
CZ01,Heating Tertiary,4204,17.0443
CZ01,Heating Tertiary,4205,16.7819
CZ01,Heating Tertiary,4206,15.8394
CZ01,Heating Tertiary,4207,14.3132
CZ01,Heating Tertiary,4208,12.5289
CZ01,Heating Tertiary,4209,10.9109
CZ01,Heating Tertiary,4210,9.64739
CZ01,Heating Tertiary,4211,8.776110000000001
CZ01,Heating Tertiary,4212,8.122160000000001
CZ01,Heating Tertiary,4213,7.67518
CZ01,Heating Tertiary,4214,7.4672899999999975
CZ01,Heating Tertiary,4215,7.468560000000001
CZ01,Heating Tertiary,4216,7.5498
CZ01,Heating Tertiary,4217,7.5762100000000006
CZ01,Heating Tertiary,4218,7.6116600000000005
CZ01,Heating Tertiary,4219,7.77565
CZ01,Heating Tertiary,4220,8.278789999999999
CZ01,Heating Tertiary,4221,9.28615
CZ01,Heating Tertiary,4222,10.7938
CZ01,Heating Tertiary,4223,12.588
CZ01,Heating Tertiary,4224,14.3026
CZ01,Heating Tertiary,4225,17.2723
CZ01,Heating Tertiary,4226,17.7518
CZ01,Heating Tertiary,4227,18.0289
CZ01,Heating Tertiary,4228,17.8276
CZ01,Heating Tertiary,4229,16.9174
CZ01,Heating Tertiary,4230,15.3913
CZ01,Heating Tertiary,4231,13.5623
CZ01,Heating Tertiary,4232,11.7796
CZ01,Heating Tertiary,4233,10.3374
CZ01,Heating Tertiary,4234,9.30756
CZ01,Heating Tertiary,4235,8.55377
CZ01,Heating Tertiary,4236,8.011389999999999
CZ01,Heating Tertiary,4237,7.75868
CZ01,Heating Tertiary,4238,7.77807
CZ01,Heating Tertiary,4239,7.8878
CZ01,Heating Tertiary,4240,7.92629
CZ01,Heating Tertiary,4241,7.91622
CZ01,Heating Tertiary,4242,7.9958
CZ01,Heating Tertiary,4243,8.42028
CZ01,Heating Tertiary,4244,9.46643
CZ01,Heating Tertiary,4245,11.1304
CZ01,Heating Tertiary,4246,13.1852
CZ01,Heating Tertiary,4247,15.0675
CZ01,Heating Tertiary,4248,16.4695
CZ01,Heating Tertiary,4249,17.7697
CZ01,Heating Tertiary,4250,18.242
CZ01,Heating Tertiary,4251,18.4298
CZ01,Heating Tertiary,4252,18.1477
CZ01,Heating Tertiary,4253,17.2235
CZ01,Heating Tertiary,4254,15.7107
CZ01,Heating Tertiary,4255,13.8892
CZ01,Heating Tertiary,4256,12.154000000000002
CZ01,Heating Tertiary,4257,10.8019
CZ01,Heating Tertiary,4258,9.87474
CZ01,Heating Tertiary,4259,9.16549
CZ01,Heating Tertiary,4260,8.60585
CZ01,Heating Tertiary,4261,8.294210000000001
CZ01,Heating Tertiary,4262,8.15202
CZ01,Heating Tertiary,4263,8.09362
CZ01,Heating Tertiary,4264,7.98815
CZ01,Heating Tertiary,4265,7.94315
CZ01,Heating Tertiary,4266,8.062610000000001
CZ01,Heating Tertiary,4267,8.53433
CZ01,Heating Tertiary,4268,9.54762
CZ01,Heating Tertiary,4269,11.0856
CZ01,Heating Tertiary,4270,13.0301
CZ01,Heating Tertiary,4271,15.0575
CZ01,Heating Tertiary,4272,16.7223
CZ01,Heating Tertiary,4273,15.6365
CZ01,Heating Tertiary,4274,16.4476
CZ01,Heating Tertiary,4275,16.8662
CZ01,Heating Tertiary,4276,17.0443
CZ01,Heating Tertiary,4277,16.7819
CZ01,Heating Tertiary,4278,15.8394
CZ01,Heating Tertiary,4279,14.3132
CZ01,Heating Tertiary,4280,12.5289
CZ01,Heating Tertiary,4281,10.9109
CZ01,Heating Tertiary,4282,9.64739
CZ01,Heating Tertiary,4283,8.776110000000001
CZ01,Heating Tertiary,4284,8.122160000000001
CZ01,Heating Tertiary,4285,7.67518
CZ01,Heating Tertiary,4286,7.4672899999999975
CZ01,Heating Tertiary,4287,7.468560000000001
CZ01,Heating Tertiary,4288,7.5498
CZ01,Heating Tertiary,4289,7.5762100000000006
CZ01,Heating Tertiary,4290,7.6116600000000005
CZ01,Heating Tertiary,4291,7.77565
CZ01,Heating Tertiary,4292,8.278789999999999
CZ01,Heating Tertiary,4293,9.28615
CZ01,Heating Tertiary,4294,10.7938
CZ01,Heating Tertiary,4295,12.588
CZ01,Heating Tertiary,4296,14.3026
CZ01,Heating Tertiary,4297,15.6365
CZ01,Heating Tertiary,4298,16.4476
CZ01,Heating Tertiary,4299,16.8662
CZ01,Heating Tertiary,4300,17.0443
CZ01,Heating Tertiary,4301,16.7819
CZ01,Heating Tertiary,4302,15.8394
CZ01,Heating Tertiary,4303,14.3132
CZ01,Heating Tertiary,4304,12.5289
CZ01,Heating Tertiary,4305,10.9109
CZ01,Heating Tertiary,4306,9.64739
CZ01,Heating Tertiary,4307,8.776110000000001
CZ01,Heating Tertiary,4308,8.122160000000001
CZ01,Heating Tertiary,4309,7.67518
CZ01,Heating Tertiary,4310,7.4672899999999975
CZ01,Heating Tertiary,4311,7.468560000000001
CZ01,Heating Tertiary,4312,7.5498
CZ01,Heating Tertiary,4313,7.5762100000000006
CZ01,Heating Tertiary,4314,7.6116600000000005
CZ01,Heating Tertiary,4315,7.77565
CZ01,Heating Tertiary,4316,8.278789999999999
CZ01,Heating Tertiary,4317,9.28615
CZ01,Heating Tertiary,4318,10.7938
CZ01,Heating Tertiary,4319,12.588
CZ01,Heating Tertiary,4320,14.3026
CZ01,Heating Tertiary,4321,15.6365
CZ01,Heating Tertiary,4322,16.4476
CZ01,Heating Tertiary,4323,16.8662
CZ01,Heating Tertiary,4324,17.0443
CZ01,Heating Tertiary,4325,16.7819
CZ01,Heating Tertiary,4326,15.8394
CZ01,Heating Tertiary,4327,14.3132
CZ01,Heating Tertiary,4328,12.5289
CZ01,Heating Tertiary,4329,10.9109
CZ01,Heating Tertiary,4330,9.64739
CZ01,Heating Tertiary,4331,8.776110000000001
CZ01,Heating Tertiary,4332,8.122160000000001
CZ01,Heating Tertiary,4333,7.67518
CZ01,Heating Tertiary,4334,7.4672899999999975
CZ01,Heating Tertiary,4335,7.468560000000001
CZ01,Heating Tertiary,4336,7.5498
CZ01,Heating Tertiary,4337,7.5762100000000006
CZ01,Heating Tertiary,4338,7.6116600000000005
CZ01,Heating Tertiary,4339,7.77565
CZ01,Heating Tertiary,4340,8.278789999999999
CZ01,Heating Tertiary,4341,9.28615
CZ01,Heating Tertiary,4342,10.7938
CZ01,Heating Tertiary,4343,12.588
CZ01,Heating Tertiary,4344,14.3026
CZ01,Heating Tertiary,4345,15.6365
CZ01,Heating Tertiary,4346,16.4476
CZ01,Heating Tertiary,4347,16.8662
CZ01,Heating Tertiary,4348,17.0443
CZ01,Heating Tertiary,4349,16.7819
CZ01,Heating Tertiary,4350,15.8394
CZ01,Heating Tertiary,4351,14.3132
CZ01,Heating Tertiary,4352,12.5289
CZ01,Heating Tertiary,4353,10.9109
CZ01,Heating Tertiary,4354,9.64739
CZ01,Heating Tertiary,4355,8.776110000000001
CZ01,Heating Tertiary,4356,8.122160000000001
CZ01,Heating Tertiary,4357,7.67518
CZ01,Heating Tertiary,4358,7.4672899999999975
CZ01,Heating Tertiary,4359,7.468560000000001
CZ01,Heating Tertiary,4360,7.5498
CZ01,Heating Tertiary,4361,7.5762100000000006
CZ01,Heating Tertiary,4362,7.6116600000000005
CZ01,Heating Tertiary,4363,7.77565
CZ01,Heating Tertiary,4364,8.278789999999999
CZ01,Heating Tertiary,4365,9.28615
CZ01,Heating Tertiary,4366,10.7938
CZ01,Heating Tertiary,4367,12.588
CZ01,Heating Tertiary,4368,14.3026
CZ01,Heating Tertiary,4369,15.6365
CZ01,Heating Tertiary,4370,16.4476
CZ01,Heating Tertiary,4371,16.8662
CZ01,Heating Tertiary,4372,17.0443
CZ01,Heating Tertiary,4373,16.7819
CZ01,Heating Tertiary,4374,15.8394
CZ01,Heating Tertiary,4375,14.3132
CZ01,Heating Tertiary,4376,12.5289
CZ01,Heating Tertiary,4377,10.9109
CZ01,Heating Tertiary,4378,9.64739
CZ01,Heating Tertiary,4379,8.776110000000001
CZ01,Heating Tertiary,4380,8.122160000000001
CZ01,Heating Tertiary,4381,7.67518
CZ01,Heating Tertiary,4382,7.4672899999999975
CZ01,Heating Tertiary,4383,7.468560000000001
CZ01,Heating Tertiary,4384,7.5498
CZ01,Heating Tertiary,4385,7.5762100000000006
CZ01,Heating Tertiary,4386,7.6116600000000005
CZ01,Heating Tertiary,4387,7.77565
CZ01,Heating Tertiary,4388,8.278789999999999
CZ01,Heating Tertiary,4389,9.28615
CZ01,Heating Tertiary,4390,10.7938
CZ01,Heating Tertiary,4391,12.588
CZ01,Heating Tertiary,4392,14.3026
CZ01,Heating Tertiary,4393,17.2723
CZ01,Heating Tertiary,4394,17.7518
CZ01,Heating Tertiary,4395,18.0289
CZ01,Heating Tertiary,4396,17.8276
CZ01,Heating Tertiary,4397,16.9174
CZ01,Heating Tertiary,4398,15.3913
CZ01,Heating Tertiary,4399,13.5623
CZ01,Heating Tertiary,4400,11.7796
CZ01,Heating Tertiary,4401,10.3374
CZ01,Heating Tertiary,4402,9.30756
CZ01,Heating Tertiary,4403,8.55377
CZ01,Heating Tertiary,4404,8.011389999999999
CZ01,Heating Tertiary,4405,7.75868
CZ01,Heating Tertiary,4406,7.77807
CZ01,Heating Tertiary,4407,7.8878
CZ01,Heating Tertiary,4408,7.92629
CZ01,Heating Tertiary,4409,7.91622
CZ01,Heating Tertiary,4410,7.9958
CZ01,Heating Tertiary,4411,8.42028
CZ01,Heating Tertiary,4412,9.46643
CZ01,Heating Tertiary,4413,11.1304
CZ01,Heating Tertiary,4414,13.1852
CZ01,Heating Tertiary,4415,15.0675
CZ01,Heating Tertiary,4416,16.4695
CZ01,Heating Tertiary,4417,17.7697
CZ01,Heating Tertiary,4418,18.242
CZ01,Heating Tertiary,4419,18.4298
CZ01,Heating Tertiary,4420,18.1477
CZ01,Heating Tertiary,4421,17.2235
CZ01,Heating Tertiary,4422,15.7107
CZ01,Heating Tertiary,4423,13.8892
CZ01,Heating Tertiary,4424,12.154000000000002
CZ01,Heating Tertiary,4425,10.8019
CZ01,Heating Tertiary,4426,9.87474
CZ01,Heating Tertiary,4427,9.16549
CZ01,Heating Tertiary,4428,8.60585
CZ01,Heating Tertiary,4429,8.294210000000001
CZ01,Heating Tertiary,4430,8.15202
CZ01,Heating Tertiary,4431,8.09362
CZ01,Heating Tertiary,4432,7.98815
CZ01,Heating Tertiary,4433,7.94315
CZ01,Heating Tertiary,4434,8.062610000000001
CZ01,Heating Tertiary,4435,8.53433
CZ01,Heating Tertiary,4436,9.54762
CZ01,Heating Tertiary,4437,11.0856
CZ01,Heating Tertiary,4438,13.0301
CZ01,Heating Tertiary,4439,15.0575
CZ01,Heating Tertiary,4440,16.7223
CZ01,Heating Tertiary,4441,17.7697
CZ01,Heating Tertiary,4442,18.242
CZ01,Heating Tertiary,4443,18.4298
CZ01,Heating Tertiary,4444,18.1477
CZ01,Heating Tertiary,4445,17.2235
CZ01,Heating Tertiary,4446,15.7107
CZ01,Heating Tertiary,4447,13.8892
CZ01,Heating Tertiary,4448,12.154000000000002
CZ01,Heating Tertiary,4449,10.8019
CZ01,Heating Tertiary,4450,9.87474
CZ01,Heating Tertiary,4451,9.16549
CZ01,Heating Tertiary,4452,8.60585
CZ01,Heating Tertiary,4453,8.294210000000001
CZ01,Heating Tertiary,4454,8.15202
CZ01,Heating Tertiary,4455,8.09362
CZ01,Heating Tertiary,4456,7.98815
CZ01,Heating Tertiary,4457,7.94315
CZ01,Heating Tertiary,4458,8.062610000000001
CZ01,Heating Tertiary,4459,8.53433
CZ01,Heating Tertiary,4460,9.54762
CZ01,Heating Tertiary,4461,11.0856
CZ01,Heating Tertiary,4462,13.0301
CZ01,Heating Tertiary,4463,15.0575
CZ01,Heating Tertiary,4464,16.7223
CZ01,Heating Tertiary,4465,17.7697
CZ01,Heating Tertiary,4466,18.242
CZ01,Heating Tertiary,4467,18.4298
CZ01,Heating Tertiary,4468,18.1477
CZ01,Heating Tertiary,4469,17.2235
CZ01,Heating Tertiary,4470,15.7107
CZ01,Heating Tertiary,4471,13.8892
CZ01,Heating Tertiary,4472,12.154000000000002
CZ01,Heating Tertiary,4473,10.8019
CZ01,Heating Tertiary,4474,9.87474
CZ01,Heating Tertiary,4475,9.16549
CZ01,Heating Tertiary,4476,8.60585
CZ01,Heating Tertiary,4477,8.294210000000001
CZ01,Heating Tertiary,4478,8.15202
CZ01,Heating Tertiary,4479,8.09362
CZ01,Heating Tertiary,4480,7.98815
CZ01,Heating Tertiary,4481,7.94315
CZ01,Heating Tertiary,4482,8.062610000000001
CZ01,Heating Tertiary,4483,8.53433
CZ01,Heating Tertiary,4484,9.54762
CZ01,Heating Tertiary,4485,11.0856
CZ01,Heating Tertiary,4486,13.0301
CZ01,Heating Tertiary,4487,15.0575
CZ01,Heating Tertiary,4488,16.7223
CZ01,Heating Tertiary,4489,15.6365
CZ01,Heating Tertiary,4490,16.4476
CZ01,Heating Tertiary,4491,16.8662
CZ01,Heating Tertiary,4492,17.0443
CZ01,Heating Tertiary,4493,16.7819
CZ01,Heating Tertiary,4494,15.8394
CZ01,Heating Tertiary,4495,14.3132
CZ01,Heating Tertiary,4496,12.5289
CZ01,Heating Tertiary,4497,10.9109
CZ01,Heating Tertiary,4498,9.64739
CZ01,Heating Tertiary,4499,8.776110000000001
CZ01,Heating Tertiary,4500,8.122160000000001
CZ01,Heating Tertiary,4501,7.67518
CZ01,Heating Tertiary,4502,7.4672899999999975
CZ01,Heating Tertiary,4503,7.468560000000001
CZ01,Heating Tertiary,4504,7.5498
CZ01,Heating Tertiary,4505,7.5762100000000006
CZ01,Heating Tertiary,4506,7.6116600000000005
CZ01,Heating Tertiary,4507,7.77565
CZ01,Heating Tertiary,4508,8.278789999999999
CZ01,Heating Tertiary,4509,9.28615
CZ01,Heating Tertiary,4510,10.7938
CZ01,Heating Tertiary,4511,12.588
CZ01,Heating Tertiary,4512,14.3026
CZ01,Heating Tertiary,4513,15.6365
CZ01,Heating Tertiary,4514,16.4476
CZ01,Heating Tertiary,4515,16.8662
CZ01,Heating Tertiary,4516,17.0443
CZ01,Heating Tertiary,4517,16.7819
CZ01,Heating Tertiary,4518,15.8394
CZ01,Heating Tertiary,4519,14.3132
CZ01,Heating Tertiary,4520,12.5289
CZ01,Heating Tertiary,4521,10.9109
CZ01,Heating Tertiary,4522,9.64739
CZ01,Heating Tertiary,4523,8.776110000000001
CZ01,Heating Tertiary,4524,8.122160000000001
CZ01,Heating Tertiary,4525,7.67518
CZ01,Heating Tertiary,4526,7.4672899999999975
CZ01,Heating Tertiary,4527,7.468560000000001
CZ01,Heating Tertiary,4528,7.5498
CZ01,Heating Tertiary,4529,7.5762100000000006
CZ01,Heating Tertiary,4530,7.6116600000000005
CZ01,Heating Tertiary,4531,7.77565
CZ01,Heating Tertiary,4532,8.278789999999999
CZ01,Heating Tertiary,4533,9.28615
CZ01,Heating Tertiary,4534,10.7938
CZ01,Heating Tertiary,4535,12.588
CZ01,Heating Tertiary,4536,14.3026
CZ01,Heating Tertiary,4537,15.6365
CZ01,Heating Tertiary,4538,16.4476
CZ01,Heating Tertiary,4539,16.8662
CZ01,Heating Tertiary,4540,17.0443
CZ01,Heating Tertiary,4541,16.7819
CZ01,Heating Tertiary,4542,15.8394
CZ01,Heating Tertiary,4543,14.3132
CZ01,Heating Tertiary,4544,12.5289
CZ01,Heating Tertiary,4545,10.9109
CZ01,Heating Tertiary,4546,9.64739
CZ01,Heating Tertiary,4547,8.776110000000001
CZ01,Heating Tertiary,4548,8.122160000000001
CZ01,Heating Tertiary,4549,7.67518
CZ01,Heating Tertiary,4550,7.4672899999999975
CZ01,Heating Tertiary,4551,7.468560000000001
CZ01,Heating Tertiary,4552,7.5498
CZ01,Heating Tertiary,4553,7.5762100000000006
CZ01,Heating Tertiary,4554,7.6116600000000005
CZ01,Heating Tertiary,4555,7.77565
CZ01,Heating Tertiary,4556,8.278789999999999
CZ01,Heating Tertiary,4557,9.28615
CZ01,Heating Tertiary,4558,10.7938
CZ01,Heating Tertiary,4559,12.588
CZ01,Heating Tertiary,4560,14.3026
CZ01,Heating Tertiary,4561,17.2723
CZ01,Heating Tertiary,4562,17.7518
CZ01,Heating Tertiary,4563,18.0289
CZ01,Heating Tertiary,4564,17.8276
CZ01,Heating Tertiary,4565,16.9174
CZ01,Heating Tertiary,4566,15.3913
CZ01,Heating Tertiary,4567,13.5623
CZ01,Heating Tertiary,4568,11.7796
CZ01,Heating Tertiary,4569,10.3374
CZ01,Heating Tertiary,4570,9.30756
CZ01,Heating Tertiary,4571,8.55377
CZ01,Heating Tertiary,4572,8.011389999999999
CZ01,Heating Tertiary,4573,7.75868
CZ01,Heating Tertiary,4574,7.77807
CZ01,Heating Tertiary,4575,7.8878
CZ01,Heating Tertiary,4576,7.92629
CZ01,Heating Tertiary,4577,7.91622
CZ01,Heating Tertiary,4578,7.9958
CZ01,Heating Tertiary,4579,8.42028
CZ01,Heating Tertiary,4580,9.46643
CZ01,Heating Tertiary,4581,11.1304
CZ01,Heating Tertiary,4582,13.1852
CZ01,Heating Tertiary,4583,15.0675
CZ01,Heating Tertiary,4584,16.4695
CZ01,Heating Tertiary,4585,17.7697
CZ01,Heating Tertiary,4586,18.242
CZ01,Heating Tertiary,4587,18.4298
CZ01,Heating Tertiary,4588,18.1477
CZ01,Heating Tertiary,4589,17.2235
CZ01,Heating Tertiary,4590,15.7107
CZ01,Heating Tertiary,4591,13.8892
CZ01,Heating Tertiary,4592,12.154000000000002
CZ01,Heating Tertiary,4593,10.8019
CZ01,Heating Tertiary,4594,9.87474
CZ01,Heating Tertiary,4595,9.16549
CZ01,Heating Tertiary,4596,8.60585
CZ01,Heating Tertiary,4597,8.294210000000001
CZ01,Heating Tertiary,4598,8.15202
CZ01,Heating Tertiary,4599,8.09362
CZ01,Heating Tertiary,4600,7.98815
CZ01,Heating Tertiary,4601,7.94315
CZ01,Heating Tertiary,4602,8.062610000000001
CZ01,Heating Tertiary,4603,8.53433
CZ01,Heating Tertiary,4604,9.54762
CZ01,Heating Tertiary,4605,11.0856
CZ01,Heating Tertiary,4606,13.0301
CZ01,Heating Tertiary,4607,15.0575
CZ01,Heating Tertiary,4608,16.7223
CZ01,Heating Tertiary,4609,15.6365
CZ01,Heating Tertiary,4610,16.4476
CZ01,Heating Tertiary,4611,16.8662
CZ01,Heating Tertiary,4612,17.0443
CZ01,Heating Tertiary,4613,16.7819
CZ01,Heating Tertiary,4614,15.8394
CZ01,Heating Tertiary,4615,14.3132
CZ01,Heating Tertiary,4616,12.5289
CZ01,Heating Tertiary,4617,10.9109
CZ01,Heating Tertiary,4618,9.64739
CZ01,Heating Tertiary,4619,8.776110000000001
CZ01,Heating Tertiary,4620,8.122160000000001
CZ01,Heating Tertiary,4621,7.67518
CZ01,Heating Tertiary,4622,7.4672899999999975
CZ01,Heating Tertiary,4623,7.468560000000001
CZ01,Heating Tertiary,4624,7.5498
CZ01,Heating Tertiary,4625,7.5762100000000006
CZ01,Heating Tertiary,4626,7.6116600000000005
CZ01,Heating Tertiary,4627,7.77565
CZ01,Heating Tertiary,4628,8.278789999999999
CZ01,Heating Tertiary,4629,9.28615
CZ01,Heating Tertiary,4630,10.7938
CZ01,Heating Tertiary,4631,12.588
CZ01,Heating Tertiary,4632,14.3026
CZ01,Heating Tertiary,4633,15.6365
CZ01,Heating Tertiary,4634,16.4476
CZ01,Heating Tertiary,4635,16.8662
CZ01,Heating Tertiary,4636,17.0443
CZ01,Heating Tertiary,4637,16.7819
CZ01,Heating Tertiary,4638,15.8394
CZ01,Heating Tertiary,4639,14.3132
CZ01,Heating Tertiary,4640,12.5289
CZ01,Heating Tertiary,4641,10.9109
CZ01,Heating Tertiary,4642,9.64739
CZ01,Heating Tertiary,4643,8.776110000000001
CZ01,Heating Tertiary,4644,8.122160000000001
CZ01,Heating Tertiary,4645,7.67518
CZ01,Heating Tertiary,4646,7.4672899999999975
CZ01,Heating Tertiary,4647,7.468560000000001
CZ01,Heating Tertiary,4648,7.5498
CZ01,Heating Tertiary,4649,7.5762100000000006
CZ01,Heating Tertiary,4650,7.6116600000000005
CZ01,Heating Tertiary,4651,7.77565
CZ01,Heating Tertiary,4652,8.278789999999999
CZ01,Heating Tertiary,4653,9.28615
CZ01,Heating Tertiary,4654,10.7938
CZ01,Heating Tertiary,4655,12.588
CZ01,Heating Tertiary,4656,14.3026
CZ01,Heating Tertiary,4657,15.6365
CZ01,Heating Tertiary,4658,16.4476
CZ01,Heating Tertiary,4659,16.8662
CZ01,Heating Tertiary,4660,17.0443
CZ01,Heating Tertiary,4661,16.7819
CZ01,Heating Tertiary,4662,15.8394
CZ01,Heating Tertiary,4663,14.3132
CZ01,Heating Tertiary,4664,12.5289
CZ01,Heating Tertiary,4665,10.9109
CZ01,Heating Tertiary,4666,9.64739
CZ01,Heating Tertiary,4667,8.776110000000001
CZ01,Heating Tertiary,4668,8.122160000000001
CZ01,Heating Tertiary,4669,7.67518
CZ01,Heating Tertiary,4670,7.4672899999999975
CZ01,Heating Tertiary,4671,7.468560000000001
CZ01,Heating Tertiary,4672,7.5498
CZ01,Heating Tertiary,4673,7.5762100000000006
CZ01,Heating Tertiary,4674,7.6116600000000005
CZ01,Heating Tertiary,4675,7.77565
CZ01,Heating Tertiary,4676,8.278789999999999
CZ01,Heating Tertiary,4677,9.28615
CZ01,Heating Tertiary,4678,10.7938
CZ01,Heating Tertiary,4679,12.588
CZ01,Heating Tertiary,4680,14.3026
CZ01,Heating Tertiary,4681,15.6365
CZ01,Heating Tertiary,4682,16.4476
CZ01,Heating Tertiary,4683,16.8662
CZ01,Heating Tertiary,4684,17.0443
CZ01,Heating Tertiary,4685,16.7819
CZ01,Heating Tertiary,4686,15.8394
CZ01,Heating Tertiary,4687,14.3132
CZ01,Heating Tertiary,4688,12.5289
CZ01,Heating Tertiary,4689,10.9109
CZ01,Heating Tertiary,4690,9.64739
CZ01,Heating Tertiary,4691,8.776110000000001
CZ01,Heating Tertiary,4692,8.122160000000001
CZ01,Heating Tertiary,4693,7.67518
CZ01,Heating Tertiary,4694,7.4672899999999975
CZ01,Heating Tertiary,4695,7.468560000000001
CZ01,Heating Tertiary,4696,7.5498
CZ01,Heating Tertiary,4697,7.5762100000000006
CZ01,Heating Tertiary,4698,7.6116600000000005
CZ01,Heating Tertiary,4699,7.77565
CZ01,Heating Tertiary,4700,8.278789999999999
CZ01,Heating Tertiary,4701,9.28615
CZ01,Heating Tertiary,4702,10.7938
CZ01,Heating Tertiary,4703,12.588
CZ01,Heating Tertiary,4704,14.3026
CZ01,Heating Tertiary,4705,15.6365
CZ01,Heating Tertiary,4706,16.4476
CZ01,Heating Tertiary,4707,16.8662
CZ01,Heating Tertiary,4708,17.0443
CZ01,Heating Tertiary,4709,16.7819
CZ01,Heating Tertiary,4710,15.8394
CZ01,Heating Tertiary,4711,14.3132
CZ01,Heating Tertiary,4712,12.5289
CZ01,Heating Tertiary,4713,10.9109
CZ01,Heating Tertiary,4714,9.64739
CZ01,Heating Tertiary,4715,8.776110000000001
CZ01,Heating Tertiary,4716,8.122160000000001
CZ01,Heating Tertiary,4717,7.67518
CZ01,Heating Tertiary,4718,7.4672899999999975
CZ01,Heating Tertiary,4719,7.468560000000001
CZ01,Heating Tertiary,4720,7.5498
CZ01,Heating Tertiary,4721,7.5762100000000006
CZ01,Heating Tertiary,4722,7.6116600000000005
CZ01,Heating Tertiary,4723,7.77565
CZ01,Heating Tertiary,4724,8.278789999999999
CZ01,Heating Tertiary,4725,9.28615
CZ01,Heating Tertiary,4726,10.7938
CZ01,Heating Tertiary,4727,12.588
CZ01,Heating Tertiary,4728,14.3026
CZ01,Heating Tertiary,4729,17.2723
CZ01,Heating Tertiary,4730,17.7518
CZ01,Heating Tertiary,4731,18.0289
CZ01,Heating Tertiary,4732,17.8276
CZ01,Heating Tertiary,4733,16.9174
CZ01,Heating Tertiary,4734,15.3913
CZ01,Heating Tertiary,4735,13.5623
CZ01,Heating Tertiary,4736,11.7796
CZ01,Heating Tertiary,4737,10.3374
CZ01,Heating Tertiary,4738,9.30756
CZ01,Heating Tertiary,4739,8.55377
CZ01,Heating Tertiary,4740,8.011389999999999
CZ01,Heating Tertiary,4741,7.75868
CZ01,Heating Tertiary,4742,7.77807
CZ01,Heating Tertiary,4743,7.8878
CZ01,Heating Tertiary,4744,7.92629
CZ01,Heating Tertiary,4745,7.91622
CZ01,Heating Tertiary,4746,7.9958
CZ01,Heating Tertiary,4747,8.42028
CZ01,Heating Tertiary,4748,9.46643
CZ01,Heating Tertiary,4749,11.1304
CZ01,Heating Tertiary,4750,13.1852
CZ01,Heating Tertiary,4751,15.0675
CZ01,Heating Tertiary,4752,16.4695
CZ01,Heating Tertiary,4753,17.7697
CZ01,Heating Tertiary,4754,18.242
CZ01,Heating Tertiary,4755,18.4298
CZ01,Heating Tertiary,4756,18.1477
CZ01,Heating Tertiary,4757,17.2235
CZ01,Heating Tertiary,4758,15.7107
CZ01,Heating Tertiary,4759,13.8892
CZ01,Heating Tertiary,4760,12.154000000000002
CZ01,Heating Tertiary,4761,10.8019
CZ01,Heating Tertiary,4762,9.87474
CZ01,Heating Tertiary,4763,9.16549
CZ01,Heating Tertiary,4764,8.60585
CZ01,Heating Tertiary,4765,8.294210000000001
CZ01,Heating Tertiary,4766,8.15202
CZ01,Heating Tertiary,4767,8.09362
CZ01,Heating Tertiary,4768,7.98815
CZ01,Heating Tertiary,4769,7.94315
CZ01,Heating Tertiary,4770,8.062610000000001
CZ01,Heating Tertiary,4771,8.53433
CZ01,Heating Tertiary,4772,9.54762
CZ01,Heating Tertiary,4773,11.0856
CZ01,Heating Tertiary,4774,13.0301
CZ01,Heating Tertiary,4775,15.0575
CZ01,Heating Tertiary,4776,16.7223
CZ01,Heating Tertiary,4777,15.6365
CZ01,Heating Tertiary,4778,16.4476
CZ01,Heating Tertiary,4779,16.8662
CZ01,Heating Tertiary,4780,17.0443
CZ01,Heating Tertiary,4781,16.7819
CZ01,Heating Tertiary,4782,15.8394
CZ01,Heating Tertiary,4783,14.3132
CZ01,Heating Tertiary,4784,12.5289
CZ01,Heating Tertiary,4785,10.9109
CZ01,Heating Tertiary,4786,9.64739
CZ01,Heating Tertiary,4787,8.776110000000001
CZ01,Heating Tertiary,4788,8.122160000000001
CZ01,Heating Tertiary,4789,7.67518
CZ01,Heating Tertiary,4790,7.4672899999999975
CZ01,Heating Tertiary,4791,7.468560000000001
CZ01,Heating Tertiary,4792,7.5498
CZ01,Heating Tertiary,4793,7.5762100000000006
CZ01,Heating Tertiary,4794,7.6116600000000005
CZ01,Heating Tertiary,4795,7.77565
CZ01,Heating Tertiary,4796,8.278789999999999
CZ01,Heating Tertiary,4797,9.28615
CZ01,Heating Tertiary,4798,10.7938
CZ01,Heating Tertiary,4799,12.588
CZ01,Heating Tertiary,4800,14.3026
CZ01,Heating Tertiary,4801,15.6365
CZ01,Heating Tertiary,4802,16.4476
CZ01,Heating Tertiary,4803,16.8662
CZ01,Heating Tertiary,4804,17.0443
CZ01,Heating Tertiary,4805,16.7819
CZ01,Heating Tertiary,4806,15.8394
CZ01,Heating Tertiary,4807,14.3132
CZ01,Heating Tertiary,4808,12.5289
CZ01,Heating Tertiary,4809,10.9109
CZ01,Heating Tertiary,4810,9.64739
CZ01,Heating Tertiary,4811,8.776110000000001
CZ01,Heating Tertiary,4812,8.122160000000001
CZ01,Heating Tertiary,4813,7.67518
CZ01,Heating Tertiary,4814,7.4672899999999975
CZ01,Heating Tertiary,4815,7.468560000000001
CZ01,Heating Tertiary,4816,7.5498
CZ01,Heating Tertiary,4817,7.5762100000000006
CZ01,Heating Tertiary,4818,7.6116600000000005
CZ01,Heating Tertiary,4819,7.77565
CZ01,Heating Tertiary,4820,8.278789999999999
CZ01,Heating Tertiary,4821,9.28615
CZ01,Heating Tertiary,4822,10.7938
CZ01,Heating Tertiary,4823,12.588
CZ01,Heating Tertiary,4824,14.3026
CZ01,Heating Tertiary,4825,15.6365
CZ01,Heating Tertiary,4826,16.4476
CZ01,Heating Tertiary,4827,16.8662
CZ01,Heating Tertiary,4828,17.0443
CZ01,Heating Tertiary,4829,16.7819
CZ01,Heating Tertiary,4830,15.8394
CZ01,Heating Tertiary,4831,14.3132
CZ01,Heating Tertiary,4832,12.5289
CZ01,Heating Tertiary,4833,10.9109
CZ01,Heating Tertiary,4834,9.64739
CZ01,Heating Tertiary,4835,8.776110000000001
CZ01,Heating Tertiary,4836,8.122160000000001
CZ01,Heating Tertiary,4837,7.67518
CZ01,Heating Tertiary,4838,7.4672899999999975
CZ01,Heating Tertiary,4839,7.468560000000001
CZ01,Heating Tertiary,4840,7.5498
CZ01,Heating Tertiary,4841,7.5762100000000006
CZ01,Heating Tertiary,4842,7.6116600000000005
CZ01,Heating Tertiary,4843,7.77565
CZ01,Heating Tertiary,4844,8.278789999999999
CZ01,Heating Tertiary,4845,9.28615
CZ01,Heating Tertiary,4846,10.7938
CZ01,Heating Tertiary,4847,12.588
CZ01,Heating Tertiary,4848,14.3026
CZ01,Heating Tertiary,4849,15.6365
CZ01,Heating Tertiary,4850,16.4476
CZ01,Heating Tertiary,4851,16.8662
CZ01,Heating Tertiary,4852,17.0443
CZ01,Heating Tertiary,4853,16.7819
CZ01,Heating Tertiary,4854,15.8394
CZ01,Heating Tertiary,4855,14.3132
CZ01,Heating Tertiary,4856,12.5289
CZ01,Heating Tertiary,4857,10.9109
CZ01,Heating Tertiary,4858,9.64739
CZ01,Heating Tertiary,4859,8.776110000000001
CZ01,Heating Tertiary,4860,8.122160000000001
CZ01,Heating Tertiary,4861,7.67518
CZ01,Heating Tertiary,4862,7.4672899999999975
CZ01,Heating Tertiary,4863,7.468560000000001
CZ01,Heating Tertiary,4864,7.5498
CZ01,Heating Tertiary,4865,7.5762100000000006
CZ01,Heating Tertiary,4866,7.6116600000000005
CZ01,Heating Tertiary,4867,7.77565
CZ01,Heating Tertiary,4868,8.278789999999999
CZ01,Heating Tertiary,4869,9.28615
CZ01,Heating Tertiary,4870,10.7938
CZ01,Heating Tertiary,4871,12.588
CZ01,Heating Tertiary,4872,14.3026
CZ01,Heating Tertiary,4873,15.6365
CZ01,Heating Tertiary,4874,16.4476
CZ01,Heating Tertiary,4875,16.8662
CZ01,Heating Tertiary,4876,17.0443
CZ01,Heating Tertiary,4877,16.7819
CZ01,Heating Tertiary,4878,15.8394
CZ01,Heating Tertiary,4879,14.3132
CZ01,Heating Tertiary,4880,12.5289
CZ01,Heating Tertiary,4881,10.9109
CZ01,Heating Tertiary,4882,9.64739
CZ01,Heating Tertiary,4883,8.776110000000001
CZ01,Heating Tertiary,4884,8.122160000000001
CZ01,Heating Tertiary,4885,7.67518
CZ01,Heating Tertiary,4886,7.4672899999999975
CZ01,Heating Tertiary,4887,7.468560000000001
CZ01,Heating Tertiary,4888,7.5498
CZ01,Heating Tertiary,4889,7.5762100000000006
CZ01,Heating Tertiary,4890,7.6116600000000005
CZ01,Heating Tertiary,4891,7.77565
CZ01,Heating Tertiary,4892,8.278789999999999
CZ01,Heating Tertiary,4893,9.28615
CZ01,Heating Tertiary,4894,10.7938
CZ01,Heating Tertiary,4895,12.588
CZ01,Heating Tertiary,4896,14.3026
CZ01,Heating Tertiary,4897,17.2723
CZ01,Heating Tertiary,4898,17.7518
CZ01,Heating Tertiary,4899,18.0289
CZ01,Heating Tertiary,4900,17.8276
CZ01,Heating Tertiary,4901,16.9174
CZ01,Heating Tertiary,4902,15.3913
CZ01,Heating Tertiary,4903,13.5623
CZ01,Heating Tertiary,4904,11.7796
CZ01,Heating Tertiary,4905,10.3374
CZ01,Heating Tertiary,4906,9.30756
CZ01,Heating Tertiary,4907,8.55377
CZ01,Heating Tertiary,4908,8.011389999999999
CZ01,Heating Tertiary,4909,7.75868
CZ01,Heating Tertiary,4910,7.77807
CZ01,Heating Tertiary,4911,7.8878
CZ01,Heating Tertiary,4912,7.92629
CZ01,Heating Tertiary,4913,7.91622
CZ01,Heating Tertiary,4914,7.9958
CZ01,Heating Tertiary,4915,8.42028
CZ01,Heating Tertiary,4916,9.46643
CZ01,Heating Tertiary,4917,11.1304
CZ01,Heating Tertiary,4918,13.1852
CZ01,Heating Tertiary,4919,15.0675
CZ01,Heating Tertiary,4920,16.4695
CZ01,Heating Tertiary,4921,17.7697
CZ01,Heating Tertiary,4922,18.242
CZ01,Heating Tertiary,4923,18.4298
CZ01,Heating Tertiary,4924,18.1477
CZ01,Heating Tertiary,4925,17.2235
CZ01,Heating Tertiary,4926,15.7107
CZ01,Heating Tertiary,4927,13.8892
CZ01,Heating Tertiary,4928,12.154000000000002
CZ01,Heating Tertiary,4929,10.8019
CZ01,Heating Tertiary,4930,9.87474
CZ01,Heating Tertiary,4931,9.16549
CZ01,Heating Tertiary,4932,8.60585
CZ01,Heating Tertiary,4933,8.294210000000001
CZ01,Heating Tertiary,4934,8.15202
CZ01,Heating Tertiary,4935,8.09362
CZ01,Heating Tertiary,4936,7.98815
CZ01,Heating Tertiary,4937,7.94315
CZ01,Heating Tertiary,4938,8.062610000000001
CZ01,Heating Tertiary,4939,8.53433
CZ01,Heating Tertiary,4940,9.54762
CZ01,Heating Tertiary,4941,11.0856
CZ01,Heating Tertiary,4942,13.0301
CZ01,Heating Tertiary,4943,15.0575
CZ01,Heating Tertiary,4944,16.7223
CZ01,Heating Tertiary,4945,33.8792
CZ01,Heating Tertiary,4946,35.6364
CZ01,Heating Tertiary,4947,36.5433
CZ01,Heating Tertiary,4948,36.9292
CZ01,Heating Tertiary,4949,36.3607
CZ01,Heating Tertiary,4950,34.3187
CZ01,Heating Tertiary,4951,31.0119
CZ01,Heating Tertiary,4952,27.146
CZ01,Heating Tertiary,4953,23.6403
CZ01,Heating Tertiary,4954,20.9027
CZ01,Heating Tertiary,4955,19.0149
CZ01,Heating Tertiary,4956,17.5981
CZ01,Heating Tertiary,4957,16.6295
CZ01,Heating Tertiary,4958,16.1792
CZ01,Heating Tertiary,4959,16.1818
CZ01,Heating Tertiary,4960,16.358
CZ01,Heating Tertiary,4961,16.4152
CZ01,Heating Tertiary,4962,16.492
CZ01,Heating Tertiary,4963,16.8473
CZ01,Heating Tertiary,4964,17.9374
CZ01,Heating Tertiary,4965,20.12
CZ01,Heating Tertiary,4966,23.3866
CZ01,Heating Tertiary,4967,27.2739
CZ01,Heating Tertiary,4968,30.989
CZ01,Heating Tertiary,4969,15.6365
CZ01,Heating Tertiary,4970,16.4476
CZ01,Heating Tertiary,4971,16.8662
CZ01,Heating Tertiary,4972,17.0443
CZ01,Heating Tertiary,4973,16.7819
CZ01,Heating Tertiary,4974,15.8394
CZ01,Heating Tertiary,4975,14.3132
CZ01,Heating Tertiary,4976,12.5289
CZ01,Heating Tertiary,4977,10.9109
CZ01,Heating Tertiary,4978,9.64739
CZ01,Heating Tertiary,4979,8.776110000000001
CZ01,Heating Tertiary,4980,8.122160000000001
CZ01,Heating Tertiary,4981,7.67518
CZ01,Heating Tertiary,4982,7.4672899999999975
CZ01,Heating Tertiary,4983,7.468560000000001
CZ01,Heating Tertiary,4984,7.5498
CZ01,Heating Tertiary,4985,7.5762100000000006
CZ01,Heating Tertiary,4986,7.6116600000000005
CZ01,Heating Tertiary,4987,7.77565
CZ01,Heating Tertiary,4988,8.278789999999999
CZ01,Heating Tertiary,4989,9.28615
CZ01,Heating Tertiary,4990,10.7938
CZ01,Heating Tertiary,4991,12.588
CZ01,Heating Tertiary,4992,14.3026
CZ01,Heating Tertiary,4993,15.6365
CZ01,Heating Tertiary,4994,16.4476
CZ01,Heating Tertiary,4995,16.8662
CZ01,Heating Tertiary,4996,17.0443
CZ01,Heating Tertiary,4997,16.7819
CZ01,Heating Tertiary,4998,15.8394
CZ01,Heating Tertiary,4999,14.3132
CZ01,Heating Tertiary,5000,12.5289
CZ01,Heating Tertiary,5001,10.9109
CZ01,Heating Tertiary,5002,9.64739
CZ01,Heating Tertiary,5003,8.776110000000001
CZ01,Heating Tertiary,5004,8.122160000000001
CZ01,Heating Tertiary,5005,7.67518
CZ01,Heating Tertiary,5006,7.4672899999999975
CZ01,Heating Tertiary,5007,7.468560000000001
CZ01,Heating Tertiary,5008,7.5498
CZ01,Heating Tertiary,5009,7.5762100000000006
CZ01,Heating Tertiary,5010,7.6116600000000005
CZ01,Heating Tertiary,5011,7.77565
CZ01,Heating Tertiary,5012,8.278789999999999
CZ01,Heating Tertiary,5013,9.28615
CZ01,Heating Tertiary,5014,10.7938
CZ01,Heating Tertiary,5015,12.588
CZ01,Heating Tertiary,5016,14.3026
CZ01,Heating Tertiary,5017,15.6365
CZ01,Heating Tertiary,5018,16.4476
CZ01,Heating Tertiary,5019,16.8662
CZ01,Heating Tertiary,5020,17.0443
CZ01,Heating Tertiary,5021,16.7819
CZ01,Heating Tertiary,5022,15.8394
CZ01,Heating Tertiary,5023,14.3132
CZ01,Heating Tertiary,5024,12.5289
CZ01,Heating Tertiary,5025,10.9109
CZ01,Heating Tertiary,5026,9.64739
CZ01,Heating Tertiary,5027,8.776110000000001
CZ01,Heating Tertiary,5028,8.122160000000001
CZ01,Heating Tertiary,5029,7.67518
CZ01,Heating Tertiary,5030,7.4672899999999975
CZ01,Heating Tertiary,5031,7.468560000000001
CZ01,Heating Tertiary,5032,7.5498
CZ01,Heating Tertiary,5033,7.5762100000000006
CZ01,Heating Tertiary,5034,7.6116600000000005
CZ01,Heating Tertiary,5035,7.77565
CZ01,Heating Tertiary,5036,8.278789999999999
CZ01,Heating Tertiary,5037,9.28615
CZ01,Heating Tertiary,5038,10.7938
CZ01,Heating Tertiary,5039,12.588
CZ01,Heating Tertiary,5040,14.3026
CZ01,Heating Tertiary,5041,15.6365
CZ01,Heating Tertiary,5042,16.4476
CZ01,Heating Tertiary,5043,16.8662
CZ01,Heating Tertiary,5044,17.0443
CZ01,Heating Tertiary,5045,16.7819
CZ01,Heating Tertiary,5046,15.8394
CZ01,Heating Tertiary,5047,14.3132
CZ01,Heating Tertiary,5048,12.5289
CZ01,Heating Tertiary,5049,10.9109
CZ01,Heating Tertiary,5050,9.64739
CZ01,Heating Tertiary,5051,8.776110000000001
CZ01,Heating Tertiary,5052,8.122160000000001
CZ01,Heating Tertiary,5053,7.67518
CZ01,Heating Tertiary,5054,7.4672899999999975
CZ01,Heating Tertiary,5055,7.468560000000001
CZ01,Heating Tertiary,5056,7.5498
CZ01,Heating Tertiary,5057,7.5762100000000006
CZ01,Heating Tertiary,5058,7.6116600000000005
CZ01,Heating Tertiary,5059,7.77565
CZ01,Heating Tertiary,5060,8.278789999999999
CZ01,Heating Tertiary,5061,9.28615
CZ01,Heating Tertiary,5062,10.7938
CZ01,Heating Tertiary,5063,12.588
CZ01,Heating Tertiary,5064,14.3026
CZ01,Heating Tertiary,5065,17.2723
CZ01,Heating Tertiary,5066,17.7518
CZ01,Heating Tertiary,5067,18.0289
CZ01,Heating Tertiary,5068,17.8276
CZ01,Heating Tertiary,5069,16.9174
CZ01,Heating Tertiary,5070,15.3913
CZ01,Heating Tertiary,5071,13.5623
CZ01,Heating Tertiary,5072,11.7796
CZ01,Heating Tertiary,5073,10.3374
CZ01,Heating Tertiary,5074,9.30756
CZ01,Heating Tertiary,5075,8.55377
CZ01,Heating Tertiary,5076,8.011389999999999
CZ01,Heating Tertiary,5077,7.75868
CZ01,Heating Tertiary,5078,7.77807
CZ01,Heating Tertiary,5079,7.8878
CZ01,Heating Tertiary,5080,7.92629
CZ01,Heating Tertiary,5081,7.91622
CZ01,Heating Tertiary,5082,7.9958
CZ01,Heating Tertiary,5083,8.42028
CZ01,Heating Tertiary,5084,9.46643
CZ01,Heating Tertiary,5085,11.1304
CZ01,Heating Tertiary,5086,13.1852
CZ01,Heating Tertiary,5087,15.0675
CZ01,Heating Tertiary,5088,16.4695
CZ01,Heating Tertiary,5089,17.7697
CZ01,Heating Tertiary,5090,18.242
CZ01,Heating Tertiary,5091,18.4298
CZ01,Heating Tertiary,5092,18.1477
CZ01,Heating Tertiary,5093,17.2235
CZ01,Heating Tertiary,5094,15.7107
CZ01,Heating Tertiary,5095,13.8892
CZ01,Heating Tertiary,5096,12.154000000000002
CZ01,Heating Tertiary,5097,10.8019
CZ01,Heating Tertiary,5098,9.87474
CZ01,Heating Tertiary,5099,9.16549
CZ01,Heating Tertiary,5100,8.60585
CZ01,Heating Tertiary,5101,8.294210000000001
CZ01,Heating Tertiary,5102,8.15202
CZ01,Heating Tertiary,5103,8.09362
CZ01,Heating Tertiary,5104,7.98815
CZ01,Heating Tertiary,5105,7.94315
CZ01,Heating Tertiary,5106,8.062610000000001
CZ01,Heating Tertiary,5107,8.53433
CZ01,Heating Tertiary,5108,9.54762
CZ01,Heating Tertiary,5109,11.0856
CZ01,Heating Tertiary,5110,13.0301
CZ01,Heating Tertiary,5111,15.0575
CZ01,Heating Tertiary,5112,16.7223
CZ01,Heating Tertiary,5113,15.6365
CZ01,Heating Tertiary,5114,16.4476
CZ01,Heating Tertiary,5115,16.8662
CZ01,Heating Tertiary,5116,17.0443
CZ01,Heating Tertiary,5117,16.7819
CZ01,Heating Tertiary,5118,15.8394
CZ01,Heating Tertiary,5119,14.3132
CZ01,Heating Tertiary,5120,12.5289
CZ01,Heating Tertiary,5121,10.9109
CZ01,Heating Tertiary,5122,9.64739
CZ01,Heating Tertiary,5123,8.776110000000001
CZ01,Heating Tertiary,5124,8.122160000000001
CZ01,Heating Tertiary,5125,7.67518
CZ01,Heating Tertiary,5126,7.4672899999999975
CZ01,Heating Tertiary,5127,7.468560000000001
CZ01,Heating Tertiary,5128,7.5498
CZ01,Heating Tertiary,5129,7.5762100000000006
CZ01,Heating Tertiary,5130,7.6116600000000005
CZ01,Heating Tertiary,5131,7.77565
CZ01,Heating Tertiary,5132,8.278789999999999
CZ01,Heating Tertiary,5133,9.28615
CZ01,Heating Tertiary,5134,10.7938
CZ01,Heating Tertiary,5135,12.588
CZ01,Heating Tertiary,5136,14.3026
CZ01,Heating Tertiary,5137,15.6365
CZ01,Heating Tertiary,5138,16.4476
CZ01,Heating Tertiary,5139,16.8662
CZ01,Heating Tertiary,5140,17.0443
CZ01,Heating Tertiary,5141,16.7819
CZ01,Heating Tertiary,5142,15.8394
CZ01,Heating Tertiary,5143,14.3132
CZ01,Heating Tertiary,5144,12.5289
CZ01,Heating Tertiary,5145,10.9109
CZ01,Heating Tertiary,5146,9.64739
CZ01,Heating Tertiary,5147,8.776110000000001
CZ01,Heating Tertiary,5148,8.122160000000001
CZ01,Heating Tertiary,5149,7.67518
CZ01,Heating Tertiary,5150,7.4672899999999975
CZ01,Heating Tertiary,5151,7.468560000000001
CZ01,Heating Tertiary,5152,7.5498
CZ01,Heating Tertiary,5153,7.5762100000000006
CZ01,Heating Tertiary,5154,7.6116600000000005
CZ01,Heating Tertiary,5155,7.77565
CZ01,Heating Tertiary,5156,8.278789999999999
CZ01,Heating Tertiary,5157,9.28615
CZ01,Heating Tertiary,5158,10.7938
CZ01,Heating Tertiary,5159,12.588
CZ01,Heating Tertiary,5160,14.3026
CZ01,Heating Tertiary,5161,15.6365
CZ01,Heating Tertiary,5162,16.4476
CZ01,Heating Tertiary,5163,16.8662
CZ01,Heating Tertiary,5164,17.0443
CZ01,Heating Tertiary,5165,16.7819
CZ01,Heating Tertiary,5166,15.8394
CZ01,Heating Tertiary,5167,14.3132
CZ01,Heating Tertiary,5168,12.5289
CZ01,Heating Tertiary,5169,10.9109
CZ01,Heating Tertiary,5170,9.64739
CZ01,Heating Tertiary,5171,8.776110000000001
CZ01,Heating Tertiary,5172,8.122160000000001
CZ01,Heating Tertiary,5173,7.67518
CZ01,Heating Tertiary,5174,7.4672899999999975
CZ01,Heating Tertiary,5175,7.468560000000001
CZ01,Heating Tertiary,5176,7.5498
CZ01,Heating Tertiary,5177,7.5762100000000006
CZ01,Heating Tertiary,5178,7.6116600000000005
CZ01,Heating Tertiary,5179,7.77565
CZ01,Heating Tertiary,5180,8.278789999999999
CZ01,Heating Tertiary,5181,9.28615
CZ01,Heating Tertiary,5182,10.7938
CZ01,Heating Tertiary,5183,12.588
CZ01,Heating Tertiary,5184,14.3026
CZ01,Heating Tertiary,5185,15.6365
CZ01,Heating Tertiary,5186,16.4476
CZ01,Heating Tertiary,5187,16.8662
CZ01,Heating Tertiary,5188,17.0443
CZ01,Heating Tertiary,5189,16.7819
CZ01,Heating Tertiary,5190,15.8394
CZ01,Heating Tertiary,5191,14.3132
CZ01,Heating Tertiary,5192,12.5289
CZ01,Heating Tertiary,5193,10.9109
CZ01,Heating Tertiary,5194,9.64739
CZ01,Heating Tertiary,5195,8.776110000000001
CZ01,Heating Tertiary,5196,8.122160000000001
CZ01,Heating Tertiary,5197,7.67518
CZ01,Heating Tertiary,5198,7.4672899999999975
CZ01,Heating Tertiary,5199,7.468560000000001
CZ01,Heating Tertiary,5200,7.5498
CZ01,Heating Tertiary,5201,7.5762100000000006
CZ01,Heating Tertiary,5202,7.6116600000000005
CZ01,Heating Tertiary,5203,7.77565
CZ01,Heating Tertiary,5204,8.278789999999999
CZ01,Heating Tertiary,5205,9.28615
CZ01,Heating Tertiary,5206,10.7938
CZ01,Heating Tertiary,5207,12.588
CZ01,Heating Tertiary,5208,14.3026
CZ01,Heating Tertiary,5209,15.6365
CZ01,Heating Tertiary,5210,16.4476
CZ01,Heating Tertiary,5211,16.8662
CZ01,Heating Tertiary,5212,17.0443
CZ01,Heating Tertiary,5213,16.7819
CZ01,Heating Tertiary,5214,15.8394
CZ01,Heating Tertiary,5215,14.3132
CZ01,Heating Tertiary,5216,12.5289
CZ01,Heating Tertiary,5217,10.9109
CZ01,Heating Tertiary,5218,9.64739
CZ01,Heating Tertiary,5219,8.776110000000001
CZ01,Heating Tertiary,5220,8.122160000000001
CZ01,Heating Tertiary,5221,7.67518
CZ01,Heating Tertiary,5222,7.4672899999999975
CZ01,Heating Tertiary,5223,7.468560000000001
CZ01,Heating Tertiary,5224,7.5498
CZ01,Heating Tertiary,5225,7.5762100000000006
CZ01,Heating Tertiary,5226,7.6116600000000005
CZ01,Heating Tertiary,5227,7.77565
CZ01,Heating Tertiary,5228,8.278789999999999
CZ01,Heating Tertiary,5229,9.28615
CZ01,Heating Tertiary,5230,10.7938
CZ01,Heating Tertiary,5231,12.588
CZ01,Heating Tertiary,5232,14.3026
CZ01,Heating Tertiary,5233,17.2723
CZ01,Heating Tertiary,5234,17.7518
CZ01,Heating Tertiary,5235,18.0289
CZ01,Heating Tertiary,5236,17.8276
CZ01,Heating Tertiary,5237,16.9174
CZ01,Heating Tertiary,5238,15.3913
CZ01,Heating Tertiary,5239,13.5623
CZ01,Heating Tertiary,5240,11.7796
CZ01,Heating Tertiary,5241,10.3374
CZ01,Heating Tertiary,5242,9.30756
CZ01,Heating Tertiary,5243,8.55377
CZ01,Heating Tertiary,5244,8.011389999999999
CZ01,Heating Tertiary,5245,7.75868
CZ01,Heating Tertiary,5246,7.77807
CZ01,Heating Tertiary,5247,7.8878
CZ01,Heating Tertiary,5248,7.92629
CZ01,Heating Tertiary,5249,7.91622
CZ01,Heating Tertiary,5250,7.9958
CZ01,Heating Tertiary,5251,8.42028
CZ01,Heating Tertiary,5252,9.46643
CZ01,Heating Tertiary,5253,11.1304
CZ01,Heating Tertiary,5254,13.1852
CZ01,Heating Tertiary,5255,15.0675
CZ01,Heating Tertiary,5256,16.4695
CZ01,Heating Tertiary,5257,17.7697
CZ01,Heating Tertiary,5258,18.242
CZ01,Heating Tertiary,5259,18.4298
CZ01,Heating Tertiary,5260,18.1477
CZ01,Heating Tertiary,5261,17.2235
CZ01,Heating Tertiary,5262,15.7107
CZ01,Heating Tertiary,5263,13.8892
CZ01,Heating Tertiary,5264,12.154000000000002
CZ01,Heating Tertiary,5265,10.8019
CZ01,Heating Tertiary,5266,9.87474
CZ01,Heating Tertiary,5267,9.16549
CZ01,Heating Tertiary,5268,8.60585
CZ01,Heating Tertiary,5269,8.294210000000001
CZ01,Heating Tertiary,5270,8.15202
CZ01,Heating Tertiary,5271,8.09362
CZ01,Heating Tertiary,5272,7.98815
CZ01,Heating Tertiary,5273,7.94315
CZ01,Heating Tertiary,5274,8.062610000000001
CZ01,Heating Tertiary,5275,8.53433
CZ01,Heating Tertiary,5276,9.54762
CZ01,Heating Tertiary,5277,11.0856
CZ01,Heating Tertiary,5278,13.0301
CZ01,Heating Tertiary,5279,15.0575
CZ01,Heating Tertiary,5280,16.7223
CZ01,Heating Tertiary,5281,15.6365
CZ01,Heating Tertiary,5282,16.4476
CZ01,Heating Tertiary,5283,16.8662
CZ01,Heating Tertiary,5284,17.0443
CZ01,Heating Tertiary,5285,16.7819
CZ01,Heating Tertiary,5286,15.8394
CZ01,Heating Tertiary,5287,14.3132
CZ01,Heating Tertiary,5288,12.5289
CZ01,Heating Tertiary,5289,10.9109
CZ01,Heating Tertiary,5290,9.64739
CZ01,Heating Tertiary,5291,8.776110000000001
CZ01,Heating Tertiary,5292,8.122160000000001
CZ01,Heating Tertiary,5293,7.67518
CZ01,Heating Tertiary,5294,7.4672899999999975
CZ01,Heating Tertiary,5295,7.468560000000001
CZ01,Heating Tertiary,5296,7.5498
CZ01,Heating Tertiary,5297,7.5762100000000006
CZ01,Heating Tertiary,5298,7.6116600000000005
CZ01,Heating Tertiary,5299,7.77565
CZ01,Heating Tertiary,5300,8.278789999999999
CZ01,Heating Tertiary,5301,9.28615
CZ01,Heating Tertiary,5302,10.7938
CZ01,Heating Tertiary,5303,12.588
CZ01,Heating Tertiary,5304,14.3026
CZ01,Heating Tertiary,5305,15.6365
CZ01,Heating Tertiary,5306,16.4476
CZ01,Heating Tertiary,5307,16.8662
CZ01,Heating Tertiary,5308,17.0443
CZ01,Heating Tertiary,5309,16.7819
CZ01,Heating Tertiary,5310,15.8394
CZ01,Heating Tertiary,5311,14.3132
CZ01,Heating Tertiary,5312,12.5289
CZ01,Heating Tertiary,5313,10.9109
CZ01,Heating Tertiary,5314,9.64739
CZ01,Heating Tertiary,5315,8.776110000000001
CZ01,Heating Tertiary,5316,8.122160000000001
CZ01,Heating Tertiary,5317,7.67518
CZ01,Heating Tertiary,5318,7.4672899999999975
CZ01,Heating Tertiary,5319,7.468560000000001
CZ01,Heating Tertiary,5320,7.5498
CZ01,Heating Tertiary,5321,7.5762100000000006
CZ01,Heating Tertiary,5322,7.6116600000000005
CZ01,Heating Tertiary,5323,7.77565
CZ01,Heating Tertiary,5324,8.278789999999999
CZ01,Heating Tertiary,5325,9.28615
CZ01,Heating Tertiary,5326,10.7938
CZ01,Heating Tertiary,5327,12.588
CZ01,Heating Tertiary,5328,14.3026
CZ01,Heating Tertiary,5329,15.6365
CZ01,Heating Tertiary,5330,16.4476
CZ01,Heating Tertiary,5331,16.8662
CZ01,Heating Tertiary,5332,17.0443
CZ01,Heating Tertiary,5333,16.7819
CZ01,Heating Tertiary,5334,15.8394
CZ01,Heating Tertiary,5335,14.3132
CZ01,Heating Tertiary,5336,12.5289
CZ01,Heating Tertiary,5337,10.9109
CZ01,Heating Tertiary,5338,9.64739
CZ01,Heating Tertiary,5339,8.776110000000001
CZ01,Heating Tertiary,5340,8.122160000000001
CZ01,Heating Tertiary,5341,7.67518
CZ01,Heating Tertiary,5342,7.4672899999999975
CZ01,Heating Tertiary,5343,7.468560000000001
CZ01,Heating Tertiary,5344,7.5498
CZ01,Heating Tertiary,5345,7.5762100000000006
CZ01,Heating Tertiary,5346,7.6116600000000005
CZ01,Heating Tertiary,5347,7.77565
CZ01,Heating Tertiary,5348,8.278789999999999
CZ01,Heating Tertiary,5349,9.28615
CZ01,Heating Tertiary,5350,10.7938
CZ01,Heating Tertiary,5351,12.588
CZ01,Heating Tertiary,5352,14.3026
CZ01,Heating Tertiary,5353,15.6365
CZ01,Heating Tertiary,5354,16.4476
CZ01,Heating Tertiary,5355,16.8662
CZ01,Heating Tertiary,5356,17.0443
CZ01,Heating Tertiary,5357,16.7819
CZ01,Heating Tertiary,5358,15.8394
CZ01,Heating Tertiary,5359,14.3132
CZ01,Heating Tertiary,5360,12.5289
CZ01,Heating Tertiary,5361,10.9109
CZ01,Heating Tertiary,5362,9.64739
CZ01,Heating Tertiary,5363,8.776110000000001
CZ01,Heating Tertiary,5364,8.122160000000001
CZ01,Heating Tertiary,5365,7.67518
CZ01,Heating Tertiary,5366,7.4672899999999975
CZ01,Heating Tertiary,5367,7.468560000000001
CZ01,Heating Tertiary,5368,7.5498
CZ01,Heating Tertiary,5369,7.5762100000000006
CZ01,Heating Tertiary,5370,7.6116600000000005
CZ01,Heating Tertiary,5371,7.77565
CZ01,Heating Tertiary,5372,8.278789999999999
CZ01,Heating Tertiary,5373,9.28615
CZ01,Heating Tertiary,5374,10.7938
CZ01,Heating Tertiary,5375,12.588
CZ01,Heating Tertiary,5376,14.3026
CZ01,Heating Tertiary,5377,15.6365
CZ01,Heating Tertiary,5378,16.4476
CZ01,Heating Tertiary,5379,16.8662
CZ01,Heating Tertiary,5380,17.0443
CZ01,Heating Tertiary,5381,16.7819
CZ01,Heating Tertiary,5382,15.8394
CZ01,Heating Tertiary,5383,14.3132
CZ01,Heating Tertiary,5384,12.5289
CZ01,Heating Tertiary,5385,10.9109
CZ01,Heating Tertiary,5386,9.64739
CZ01,Heating Tertiary,5387,8.776110000000001
CZ01,Heating Tertiary,5388,8.122160000000001
CZ01,Heating Tertiary,5389,7.67518
CZ01,Heating Tertiary,5390,7.4672899999999975
CZ01,Heating Tertiary,5391,7.468560000000001
CZ01,Heating Tertiary,5392,7.5498
CZ01,Heating Tertiary,5393,7.5762100000000006
CZ01,Heating Tertiary,5394,7.6116600000000005
CZ01,Heating Tertiary,5395,7.77565
CZ01,Heating Tertiary,5396,8.278789999999999
CZ01,Heating Tertiary,5397,9.28615
CZ01,Heating Tertiary,5398,10.7938
CZ01,Heating Tertiary,5399,12.588
CZ01,Heating Tertiary,5400,14.3026
CZ01,Heating Tertiary,5401,17.2723
CZ01,Heating Tertiary,5402,17.7518
CZ01,Heating Tertiary,5403,18.0289
CZ01,Heating Tertiary,5404,17.8276
CZ01,Heating Tertiary,5405,16.9174
CZ01,Heating Tertiary,5406,15.3913
CZ01,Heating Tertiary,5407,13.5623
CZ01,Heating Tertiary,5408,11.7796
CZ01,Heating Tertiary,5409,10.3374
CZ01,Heating Tertiary,5410,9.30756
CZ01,Heating Tertiary,5411,8.55377
CZ01,Heating Tertiary,5412,8.011389999999999
CZ01,Heating Tertiary,5413,7.75868
CZ01,Heating Tertiary,5414,7.77807
CZ01,Heating Tertiary,5415,7.8878
CZ01,Heating Tertiary,5416,7.92629
CZ01,Heating Tertiary,5417,7.91622
CZ01,Heating Tertiary,5418,7.9958
CZ01,Heating Tertiary,5419,8.42028
CZ01,Heating Tertiary,5420,9.46643
CZ01,Heating Tertiary,5421,11.1304
CZ01,Heating Tertiary,5422,13.1852
CZ01,Heating Tertiary,5423,15.0675
CZ01,Heating Tertiary,5424,16.4695
CZ01,Heating Tertiary,5425,17.7697
CZ01,Heating Tertiary,5426,18.242
CZ01,Heating Tertiary,5427,18.4298
CZ01,Heating Tertiary,5428,18.1477
CZ01,Heating Tertiary,5429,17.2235
CZ01,Heating Tertiary,5430,15.7107
CZ01,Heating Tertiary,5431,13.8892
CZ01,Heating Tertiary,5432,12.154000000000002
CZ01,Heating Tertiary,5433,10.8019
CZ01,Heating Tertiary,5434,9.87474
CZ01,Heating Tertiary,5435,9.16549
CZ01,Heating Tertiary,5436,8.60585
CZ01,Heating Tertiary,5437,8.294210000000001
CZ01,Heating Tertiary,5438,8.15202
CZ01,Heating Tertiary,5439,8.09362
CZ01,Heating Tertiary,5440,7.98815
CZ01,Heating Tertiary,5441,7.94315
CZ01,Heating Tertiary,5442,8.062610000000001
CZ01,Heating Tertiary,5443,8.53433
CZ01,Heating Tertiary,5444,9.54762
CZ01,Heating Tertiary,5445,11.0856
CZ01,Heating Tertiary,5446,13.0301
CZ01,Heating Tertiary,5447,15.0575
CZ01,Heating Tertiary,5448,16.7223
CZ01,Heating Tertiary,5449,15.6365
CZ01,Heating Tertiary,5450,16.4476
CZ01,Heating Tertiary,5451,16.8662
CZ01,Heating Tertiary,5452,17.0443
CZ01,Heating Tertiary,5453,16.7819
CZ01,Heating Tertiary,5454,15.8394
CZ01,Heating Tertiary,5455,14.3132
CZ01,Heating Tertiary,5456,12.5289
CZ01,Heating Tertiary,5457,10.9109
CZ01,Heating Tertiary,5458,9.64739
CZ01,Heating Tertiary,5459,8.776110000000001
CZ01,Heating Tertiary,5460,8.122160000000001
CZ01,Heating Tertiary,5461,7.67518
CZ01,Heating Tertiary,5462,7.4672899999999975
CZ01,Heating Tertiary,5463,7.468560000000001
CZ01,Heating Tertiary,5464,7.5498
CZ01,Heating Tertiary,5465,7.5762100000000006
CZ01,Heating Tertiary,5466,7.6116600000000005
CZ01,Heating Tertiary,5467,7.77565
CZ01,Heating Tertiary,5468,8.278789999999999
CZ01,Heating Tertiary,5469,9.28615
CZ01,Heating Tertiary,5470,10.7938
CZ01,Heating Tertiary,5471,12.588
CZ01,Heating Tertiary,5472,14.3026
CZ01,Heating Tertiary,5473,15.6365
CZ01,Heating Tertiary,5474,16.4476
CZ01,Heating Tertiary,5475,16.8662
CZ01,Heating Tertiary,5476,17.0443
CZ01,Heating Tertiary,5477,16.7819
CZ01,Heating Tertiary,5478,15.8394
CZ01,Heating Tertiary,5479,14.3132
CZ01,Heating Tertiary,5480,12.5289
CZ01,Heating Tertiary,5481,10.9109
CZ01,Heating Tertiary,5482,9.64739
CZ01,Heating Tertiary,5483,8.776110000000001
CZ01,Heating Tertiary,5484,8.122160000000001
CZ01,Heating Tertiary,5485,7.67518
CZ01,Heating Tertiary,5486,7.4672899999999975
CZ01,Heating Tertiary,5487,7.468560000000001
CZ01,Heating Tertiary,5488,7.5498
CZ01,Heating Tertiary,5489,7.5762100000000006
CZ01,Heating Tertiary,5490,7.6116600000000005
CZ01,Heating Tertiary,5491,7.77565
CZ01,Heating Tertiary,5492,8.278789999999999
CZ01,Heating Tertiary,5493,9.28615
CZ01,Heating Tertiary,5494,10.7938
CZ01,Heating Tertiary,5495,12.588
CZ01,Heating Tertiary,5496,14.3026
CZ01,Heating Tertiary,5497,15.6365
CZ01,Heating Tertiary,5498,16.4476
CZ01,Heating Tertiary,5499,16.8662
CZ01,Heating Tertiary,5500,17.0443
CZ01,Heating Tertiary,5501,16.7819
CZ01,Heating Tertiary,5502,15.8394
CZ01,Heating Tertiary,5503,14.3132
CZ01,Heating Tertiary,5504,12.5289
CZ01,Heating Tertiary,5505,10.9109
CZ01,Heating Tertiary,5506,9.64739
CZ01,Heating Tertiary,5507,8.776110000000001
CZ01,Heating Tertiary,5508,8.122160000000001
CZ01,Heating Tertiary,5509,7.67518
CZ01,Heating Tertiary,5510,7.4672899999999975
CZ01,Heating Tertiary,5511,7.468560000000001
CZ01,Heating Tertiary,5512,7.5498
CZ01,Heating Tertiary,5513,7.5762100000000006
CZ01,Heating Tertiary,5514,7.6116600000000005
CZ01,Heating Tertiary,5515,7.77565
CZ01,Heating Tertiary,5516,8.278789999999999
CZ01,Heating Tertiary,5517,9.28615
CZ01,Heating Tertiary,5518,10.7938
CZ01,Heating Tertiary,5519,12.588
CZ01,Heating Tertiary,5520,14.3026
CZ01,Heating Tertiary,5521,15.6365
CZ01,Heating Tertiary,5522,16.4476
CZ01,Heating Tertiary,5523,16.8662
CZ01,Heating Tertiary,5524,17.0443
CZ01,Heating Tertiary,5525,16.7819
CZ01,Heating Tertiary,5526,15.8394
CZ01,Heating Tertiary,5527,14.3132
CZ01,Heating Tertiary,5528,12.5289
CZ01,Heating Tertiary,5529,10.9109
CZ01,Heating Tertiary,5530,9.64739
CZ01,Heating Tertiary,5531,8.776110000000001
CZ01,Heating Tertiary,5532,8.122160000000001
CZ01,Heating Tertiary,5533,7.67518
CZ01,Heating Tertiary,5534,7.4672899999999975
CZ01,Heating Tertiary,5535,7.468560000000001
CZ01,Heating Tertiary,5536,7.5498
CZ01,Heating Tertiary,5537,7.5762100000000006
CZ01,Heating Tertiary,5538,7.6116600000000005
CZ01,Heating Tertiary,5539,7.77565
CZ01,Heating Tertiary,5540,8.278789999999999
CZ01,Heating Tertiary,5541,9.28615
CZ01,Heating Tertiary,5542,10.7938
CZ01,Heating Tertiary,5543,12.588
CZ01,Heating Tertiary,5544,14.3026
CZ01,Heating Tertiary,5545,15.6365
CZ01,Heating Tertiary,5546,16.4476
CZ01,Heating Tertiary,5547,16.8662
CZ01,Heating Tertiary,5548,17.0443
CZ01,Heating Tertiary,5549,16.7819
CZ01,Heating Tertiary,5550,15.8394
CZ01,Heating Tertiary,5551,14.3132
CZ01,Heating Tertiary,5552,12.5289
CZ01,Heating Tertiary,5553,10.9109
CZ01,Heating Tertiary,5554,9.64739
CZ01,Heating Tertiary,5555,8.776110000000001
CZ01,Heating Tertiary,5556,8.122160000000001
CZ01,Heating Tertiary,5557,7.67518
CZ01,Heating Tertiary,5558,7.4672899999999975
CZ01,Heating Tertiary,5559,7.468560000000001
CZ01,Heating Tertiary,5560,7.5498
CZ01,Heating Tertiary,5561,7.5762100000000006
CZ01,Heating Tertiary,5562,7.6116600000000005
CZ01,Heating Tertiary,5563,7.77565
CZ01,Heating Tertiary,5564,8.278789999999999
CZ01,Heating Tertiary,5565,9.28615
CZ01,Heating Tertiary,5566,10.7938
CZ01,Heating Tertiary,5567,12.588
CZ01,Heating Tertiary,5568,14.3026
CZ01,Heating Tertiary,5569,17.2723
CZ01,Heating Tertiary,5570,17.7518
CZ01,Heating Tertiary,5571,18.0289
CZ01,Heating Tertiary,5572,17.8276
CZ01,Heating Tertiary,5573,16.9174
CZ01,Heating Tertiary,5574,15.3913
CZ01,Heating Tertiary,5575,13.5623
CZ01,Heating Tertiary,5576,11.7796
CZ01,Heating Tertiary,5577,10.3374
CZ01,Heating Tertiary,5578,9.30756
CZ01,Heating Tertiary,5579,8.55377
CZ01,Heating Tertiary,5580,8.011389999999999
CZ01,Heating Tertiary,5581,7.75868
CZ01,Heating Tertiary,5582,7.77807
CZ01,Heating Tertiary,5583,7.8878
CZ01,Heating Tertiary,5584,7.92629
CZ01,Heating Tertiary,5585,7.91622
CZ01,Heating Tertiary,5586,7.9958
CZ01,Heating Tertiary,5587,8.42028
CZ01,Heating Tertiary,5588,9.46643
CZ01,Heating Tertiary,5589,11.1304
CZ01,Heating Tertiary,5590,13.1852
CZ01,Heating Tertiary,5591,15.0675
CZ01,Heating Tertiary,5592,16.4695
CZ01,Heating Tertiary,5593,17.7697
CZ01,Heating Tertiary,5594,18.242
CZ01,Heating Tertiary,5595,18.4298
CZ01,Heating Tertiary,5596,18.1477
CZ01,Heating Tertiary,5597,17.2235
CZ01,Heating Tertiary,5598,15.7107
CZ01,Heating Tertiary,5599,13.8892
CZ01,Heating Tertiary,5600,12.154000000000002
CZ01,Heating Tertiary,5601,10.8019
CZ01,Heating Tertiary,5602,9.87474
CZ01,Heating Tertiary,5603,9.16549
CZ01,Heating Tertiary,5604,8.60585
CZ01,Heating Tertiary,5605,8.294210000000001
CZ01,Heating Tertiary,5606,8.15202
CZ01,Heating Tertiary,5607,8.09362
CZ01,Heating Tertiary,5608,7.98815
CZ01,Heating Tertiary,5609,7.94315
CZ01,Heating Tertiary,5610,8.062610000000001
CZ01,Heating Tertiary,5611,8.53433
CZ01,Heating Tertiary,5612,9.54762
CZ01,Heating Tertiary,5613,11.0856
CZ01,Heating Tertiary,5614,13.0301
CZ01,Heating Tertiary,5615,15.0575
CZ01,Heating Tertiary,5616,16.7223
CZ01,Heating Tertiary,5617,15.6365
CZ01,Heating Tertiary,5618,16.4476
CZ01,Heating Tertiary,5619,16.8662
CZ01,Heating Tertiary,5620,17.0443
CZ01,Heating Tertiary,5621,16.7819
CZ01,Heating Tertiary,5622,15.8394
CZ01,Heating Tertiary,5623,14.3132
CZ01,Heating Tertiary,5624,12.5289
CZ01,Heating Tertiary,5625,10.9109
CZ01,Heating Tertiary,5626,9.64739
CZ01,Heating Tertiary,5627,8.776110000000001
CZ01,Heating Tertiary,5628,8.122160000000001
CZ01,Heating Tertiary,5629,7.67518
CZ01,Heating Tertiary,5630,7.4672899999999975
CZ01,Heating Tertiary,5631,7.468560000000001
CZ01,Heating Tertiary,5632,7.5498
CZ01,Heating Tertiary,5633,7.5762100000000006
CZ01,Heating Tertiary,5634,7.6116600000000005
CZ01,Heating Tertiary,5635,7.77565
CZ01,Heating Tertiary,5636,8.278789999999999
CZ01,Heating Tertiary,5637,9.28615
CZ01,Heating Tertiary,5638,10.7938
CZ01,Heating Tertiary,5639,12.588
CZ01,Heating Tertiary,5640,14.3026
CZ01,Heating Tertiary,5641,15.6365
CZ01,Heating Tertiary,5642,16.4476
CZ01,Heating Tertiary,5643,16.8662
CZ01,Heating Tertiary,5644,17.0443
CZ01,Heating Tertiary,5645,16.7819
CZ01,Heating Tertiary,5646,15.8394
CZ01,Heating Tertiary,5647,14.3132
CZ01,Heating Tertiary,5648,12.5289
CZ01,Heating Tertiary,5649,10.9109
CZ01,Heating Tertiary,5650,9.64739
CZ01,Heating Tertiary,5651,8.776110000000001
CZ01,Heating Tertiary,5652,8.122160000000001
CZ01,Heating Tertiary,5653,7.67518
CZ01,Heating Tertiary,5654,7.4672899999999975
CZ01,Heating Tertiary,5655,7.468560000000001
CZ01,Heating Tertiary,5656,7.5498
CZ01,Heating Tertiary,5657,7.5762100000000006
CZ01,Heating Tertiary,5658,7.6116600000000005
CZ01,Heating Tertiary,5659,7.77565
CZ01,Heating Tertiary,5660,8.278789999999999
CZ01,Heating Tertiary,5661,9.28615
CZ01,Heating Tertiary,5662,10.7938
CZ01,Heating Tertiary,5663,12.588
CZ01,Heating Tertiary,5664,14.3026
CZ01,Heating Tertiary,5665,15.6365
CZ01,Heating Tertiary,5666,16.4476
CZ01,Heating Tertiary,5667,16.8662
CZ01,Heating Tertiary,5668,17.0443
CZ01,Heating Tertiary,5669,16.7819
CZ01,Heating Tertiary,5670,15.8394
CZ01,Heating Tertiary,5671,14.3132
CZ01,Heating Tertiary,5672,12.5289
CZ01,Heating Tertiary,5673,10.9109
CZ01,Heating Tertiary,5674,9.64739
CZ01,Heating Tertiary,5675,8.776110000000001
CZ01,Heating Tertiary,5676,8.122160000000001
CZ01,Heating Tertiary,5677,7.67518
CZ01,Heating Tertiary,5678,7.4672899999999975
CZ01,Heating Tertiary,5679,7.468560000000001
CZ01,Heating Tertiary,5680,7.5498
CZ01,Heating Tertiary,5681,7.5762100000000006
CZ01,Heating Tertiary,5682,7.6116600000000005
CZ01,Heating Tertiary,5683,7.77565
CZ01,Heating Tertiary,5684,8.278789999999999
CZ01,Heating Tertiary,5685,9.28615
CZ01,Heating Tertiary,5686,10.7938
CZ01,Heating Tertiary,5687,12.588
CZ01,Heating Tertiary,5688,14.3026
CZ01,Heating Tertiary,5689,15.6365
CZ01,Heating Tertiary,5690,16.4476
CZ01,Heating Tertiary,5691,16.8662
CZ01,Heating Tertiary,5692,17.0443
CZ01,Heating Tertiary,5693,16.7819
CZ01,Heating Tertiary,5694,15.8394
CZ01,Heating Tertiary,5695,14.3132
CZ01,Heating Tertiary,5696,12.5289
CZ01,Heating Tertiary,5697,10.9109
CZ01,Heating Tertiary,5698,9.64739
CZ01,Heating Tertiary,5699,8.776110000000001
CZ01,Heating Tertiary,5700,8.122160000000001
CZ01,Heating Tertiary,5701,7.67518
CZ01,Heating Tertiary,5702,7.4672899999999975
CZ01,Heating Tertiary,5703,7.468560000000001
CZ01,Heating Tertiary,5704,7.5498
CZ01,Heating Tertiary,5705,7.5762100000000006
CZ01,Heating Tertiary,5706,7.6116600000000005
CZ01,Heating Tertiary,5707,7.77565
CZ01,Heating Tertiary,5708,8.278789999999999
CZ01,Heating Tertiary,5709,9.28615
CZ01,Heating Tertiary,5710,10.7938
CZ01,Heating Tertiary,5711,12.588
CZ01,Heating Tertiary,5712,14.3026
CZ01,Heating Tertiary,5713,15.6365
CZ01,Heating Tertiary,5714,16.4476
CZ01,Heating Tertiary,5715,16.8662
CZ01,Heating Tertiary,5716,17.0443
CZ01,Heating Tertiary,5717,16.7819
CZ01,Heating Tertiary,5718,15.8394
CZ01,Heating Tertiary,5719,14.3132
CZ01,Heating Tertiary,5720,12.5289
CZ01,Heating Tertiary,5721,10.9109
CZ01,Heating Tertiary,5722,9.64739
CZ01,Heating Tertiary,5723,8.776110000000001
CZ01,Heating Tertiary,5724,8.122160000000001
CZ01,Heating Tertiary,5725,7.67518
CZ01,Heating Tertiary,5726,7.4672899999999975
CZ01,Heating Tertiary,5727,7.468560000000001
CZ01,Heating Tertiary,5728,7.5498
CZ01,Heating Tertiary,5729,7.5762100000000006
CZ01,Heating Tertiary,5730,7.6116600000000005
CZ01,Heating Tertiary,5731,7.77565
CZ01,Heating Tertiary,5732,8.278789999999999
CZ01,Heating Tertiary,5733,9.28615
CZ01,Heating Tertiary,5734,10.7938
CZ01,Heating Tertiary,5735,12.588
CZ01,Heating Tertiary,5736,14.3026
CZ01,Heating Tertiary,5737,17.2723
CZ01,Heating Tertiary,5738,17.7518
CZ01,Heating Tertiary,5739,18.0289
CZ01,Heating Tertiary,5740,17.8276
CZ01,Heating Tertiary,5741,16.9174
CZ01,Heating Tertiary,5742,15.3913
CZ01,Heating Tertiary,5743,13.5623
CZ01,Heating Tertiary,5744,11.7796
CZ01,Heating Tertiary,5745,10.3374
CZ01,Heating Tertiary,5746,9.30756
CZ01,Heating Tertiary,5747,8.55377
CZ01,Heating Tertiary,5748,8.011389999999999
CZ01,Heating Tertiary,5749,7.75868
CZ01,Heating Tertiary,5750,7.77807
CZ01,Heating Tertiary,5751,7.8878
CZ01,Heating Tertiary,5752,7.92629
CZ01,Heating Tertiary,5753,7.91622
CZ01,Heating Tertiary,5754,7.9958
CZ01,Heating Tertiary,5755,8.42028
CZ01,Heating Tertiary,5756,9.46643
CZ01,Heating Tertiary,5757,11.1304
CZ01,Heating Tertiary,5758,13.1852
CZ01,Heating Tertiary,5759,15.0675
CZ01,Heating Tertiary,5760,16.4695
CZ01,Heating Tertiary,5761,77.3727
CZ01,Heating Tertiary,5762,79.4286
CZ01,Heating Tertiary,5763,80.2469
CZ01,Heating Tertiary,5764,79.0178
CZ01,Heating Tertiary,5765,74.994
CZ01,Heating Tertiary,5766,68.4073
CZ01,Heating Tertiary,5767,60.4759
CZ01,Heating Tertiary,5768,52.9207
CZ01,Heating Tertiary,5769,47.0334
CZ01,Heating Tertiary,5770,42.9964
CZ01,Heating Tertiary,5771,39.9081
CZ01,Heating Tertiary,5772,37.4714
CZ01,Heating Tertiary,5773,36.1143
CZ01,Heating Tertiary,5774,35.4952
CZ01,Heating Tertiary,5775,35.2409
CZ01,Heating Tertiary,5776,34.7816
CZ01,Heating Tertiary,5777,34.5857
CZ01,Heating Tertiary,5778,35.106
CZ01,Heating Tertiary,5779,37.1598
CZ01,Heating Tertiary,5780,41.5719
CZ01,Heating Tertiary,5781,48.2684
CZ01,Heating Tertiary,5782,56.7353
CZ01,Heating Tertiary,5783,65.5631
CZ01,Heating Tertiary,5784,72.8115
CZ01,Heating Tertiary,5785,53.4248
CZ01,Heating Tertiary,5786,56.1959
CZ01,Heating Tertiary,5787,57.6259
CZ01,Heating Tertiary,5788,58.2347
CZ01,Heating Tertiary,5789,57.3381
CZ01,Heating Tertiary,5790,54.1179
CZ01,Heating Tertiary,5791,48.9033
CZ01,Heating Tertiary,5792,42.8071
CZ01,Heating Tertiary,5793,37.2789
CZ01,Heating Tertiary,5794,32.9619
CZ01,Heating Tertiary,5795,29.9851
CZ01,Heating Tertiary,5796,27.7508
CZ01,Heating Tertiary,5797,26.2234
CZ01,Heating Tertiary,5798,25.5133
CZ01,Heating Tertiary,5799,25.5175
CZ01,Heating Tertiary,5800,25.7953
CZ01,Heating Tertiary,5801,25.8855
CZ01,Heating Tertiary,5802,26.0066
CZ01,Heating Tertiary,5803,26.5668
CZ01,Heating Tertiary,5804,28.2859
CZ01,Heating Tertiary,5805,31.7278
CZ01,Heating Tertiary,5806,36.8788
CZ01,Heating Tertiary,5807,43.0089
CZ01,Heating Tertiary,5808,48.8672
CZ01,Heating Tertiary,5809,98.3797
CZ01,Heating Tertiary,5810,103.48299999999999
CZ01,Heating Tertiary,5811,106.116
CZ01,Heating Tertiary,5812,107.236
CZ01,Heating Tertiary,5813,105.586
CZ01,Heating Tertiary,5814,99.6559
CZ01,Heating Tertiary,5815,90.0535
CZ01,Heating Tertiary,5816,78.8279
CZ01,Heating Tertiary,5817,68.6478
CZ01,Heating Tertiary,5818,60.698
CZ01,Heating Tertiary,5819,55.2164
CZ01,Heating Tertiary,5820,51.102
CZ01,Heating Tertiary,5821,48.2896
CZ01,Heating Tertiary,5822,46.9818
CZ01,Heating Tertiary,5823,46.9895
CZ01,Heating Tertiary,5824,47.50100000000001
CZ01,Heating Tertiary,5825,47.6672
CZ01,Heating Tertiary,5826,47.8902
CZ01,Heating Tertiary,5827,48.9219
CZ01,Heating Tertiary,5828,52.0875
CZ01,Heating Tertiary,5829,58.4257
CZ01,Heating Tertiary,5830,67.9113
CZ01,Heating Tertiary,5831,79.1991
CZ01,Heating Tertiary,5832,89.9874
CZ01,Heating Tertiary,5833,83.3949
CZ01,Heating Tertiary,5834,87.7203
CZ01,Heating Tertiary,5835,89.9528
CZ01,Heating Tertiary,5836,90.9028
CZ01,Heating Tertiary,5837,89.5034
CZ01,Heating Tertiary,5838,84.4767
CZ01,Heating Tertiary,5839,76.337
CZ01,Heating Tertiary,5840,66.8209
CZ01,Heating Tertiary,5841,58.1915
CZ01,Heating Tertiary,5842,51.4528
CZ01,Heating Tertiary,5843,46.806000000000004
CZ01,Heating Tertiary,5844,43.3183
CZ01,Heating Tertiary,5845,40.9342
CZ01,Heating Tertiary,5846,39.8256
CZ01,Heating Tertiary,5847,39.8322
CZ01,Heating Tertiary,5848,40.2658
CZ01,Heating Tertiary,5849,40.4066
CZ01,Heating Tertiary,5850,40.5957
CZ01,Heating Tertiary,5851,41.4702
CZ01,Heating Tertiary,5852,44.1536
CZ01,Heating Tertiary,5853,49.5263
CZ01,Heating Tertiary,5854,57.5672
CZ01,Heating Tertiary,5855,67.1356
CZ01,Heating Tertiary,5856,76.2806
CZ01,Heating Tertiary,5857,68.0839
CZ01,Heating Tertiary,5858,71.6158
CZ01,Heating Tertiary,5859,73.4381
CZ01,Heating Tertiary,5860,74.2131
CZ01,Heating Tertiary,5861,73.071
CZ01,Heating Tertiary,5862,68.9672
CZ01,Heating Tertiary,5863,62.3218
CZ01,Heating Tertiary,5864,54.553000000000004
CZ01,Heating Tertiary,5865,47.5079
CZ01,Heating Tertiary,5866,42.0064
CZ01,Heating Tertiary,5867,38.2127
CZ01,Heating Tertiary,5868,35.3653
CZ01,Heating Tertiary,5869,33.4189
CZ01,Heating Tertiary,5870,32.5139
CZ01,Heating Tertiary,5871,32.5193
CZ01,Heating Tertiary,5872,32.8732
CZ01,Heating Tertiary,5873,32.9882
CZ01,Heating Tertiary,5874,33.1425
CZ01,Heating Tertiary,5875,33.8566
CZ01,Heating Tertiary,5876,36.0473
CZ01,Heating Tertiary,5877,40.4335
CZ01,Heating Tertiary,5878,46.9981
CZ01,Heating Tertiary,5879,54.8101
CZ01,Heating Tertiary,5880,62.2757
CZ01,Heating Tertiary,5881,53.4248
CZ01,Heating Tertiary,5882,56.1959
CZ01,Heating Tertiary,5883,57.6259
CZ01,Heating Tertiary,5884,58.2347
CZ01,Heating Tertiary,5885,57.3381
CZ01,Heating Tertiary,5886,54.1179
CZ01,Heating Tertiary,5887,48.9033
CZ01,Heating Tertiary,5888,42.8071
CZ01,Heating Tertiary,5889,37.2789
CZ01,Heating Tertiary,5890,32.9619
CZ01,Heating Tertiary,5891,29.9851
CZ01,Heating Tertiary,5892,27.7508
CZ01,Heating Tertiary,5893,26.2234
CZ01,Heating Tertiary,5894,25.5133
CZ01,Heating Tertiary,5895,25.5175
CZ01,Heating Tertiary,5896,25.7953
CZ01,Heating Tertiary,5897,25.8855
CZ01,Heating Tertiary,5898,26.0066
CZ01,Heating Tertiary,5899,26.5668
CZ01,Heating Tertiary,5900,28.2859
CZ01,Heating Tertiary,5901,31.7278
CZ01,Heating Tertiary,5902,36.8788
CZ01,Heating Tertiary,5903,43.0089
CZ01,Heating Tertiary,5904,48.8672
CZ01,Heating Tertiary,5905,59.0138
CZ01,Heating Tertiary,5906,60.652
CZ01,Heating Tertiary,5907,61.5991
CZ01,Heating Tertiary,5908,60.9109
CZ01,Heating Tertiary,5909,57.8014
CZ01,Heating Tertiary,5910,52.586999999999996
CZ01,Heating Tertiary,5911,46.3381
CZ01,Heating Tertiary,5912,40.2469
CZ01,Heating Tertiary,5913,35.3194
CZ01,Heating Tertiary,5914,31.8008
CZ01,Heating Tertiary,5915,29.2255
CZ01,Heating Tertiary,5916,27.3722
CZ01,Heating Tertiary,5917,26.5087
CZ01,Heating Tertiary,5918,26.5751
CZ01,Heating Tertiary,5919,26.95
CZ01,Heating Tertiary,5920,27.0815
CZ01,Heating Tertiary,5921,27.0472
CZ01,Heating Tertiary,5922,27.31900000000001
CZ01,Heating Tertiary,5923,28.7692
CZ01,Heating Tertiary,5924,32.3436
CZ01,Heating Tertiary,5925,38.0291
CZ01,Heating Tertiary,5926,45.0496
CZ01,Heating Tertiary,5927,51.4805
CZ01,Heating Tertiary,5928,56.2709
CZ01,Heating Tertiary,5929,77.3727
CZ01,Heating Tertiary,5930,79.4286
CZ01,Heating Tertiary,5931,80.2469
CZ01,Heating Tertiary,5932,79.0178
CZ01,Heating Tertiary,5933,74.994
CZ01,Heating Tertiary,5934,68.4073
CZ01,Heating Tertiary,5935,60.4759
CZ01,Heating Tertiary,5936,52.9207
CZ01,Heating Tertiary,5937,47.0334
CZ01,Heating Tertiary,5938,42.9964
CZ01,Heating Tertiary,5939,39.9081
CZ01,Heating Tertiary,5940,37.4714
CZ01,Heating Tertiary,5941,36.1143
CZ01,Heating Tertiary,5942,35.4952
CZ01,Heating Tertiary,5943,35.2409
CZ01,Heating Tertiary,5944,34.7816
CZ01,Heating Tertiary,5945,34.5857
CZ01,Heating Tertiary,5946,35.106
CZ01,Heating Tertiary,5947,37.1598
CZ01,Heating Tertiary,5948,41.5719
CZ01,Heating Tertiary,5949,48.2684
CZ01,Heating Tertiary,5950,56.7353
CZ01,Heating Tertiary,5951,65.5631
CZ01,Heating Tertiary,5952,72.8115
CZ01,Heating Tertiary,5953,83.3949
CZ01,Heating Tertiary,5954,87.7203
CZ01,Heating Tertiary,5955,89.9528
CZ01,Heating Tertiary,5956,90.9028
CZ01,Heating Tertiary,5957,89.5034
CZ01,Heating Tertiary,5958,84.4767
CZ01,Heating Tertiary,5959,76.337
CZ01,Heating Tertiary,5960,66.8209
CZ01,Heating Tertiary,5961,58.1915
CZ01,Heating Tertiary,5962,51.4528
CZ01,Heating Tertiary,5963,46.806000000000004
CZ01,Heating Tertiary,5964,43.3183
CZ01,Heating Tertiary,5965,40.9342
CZ01,Heating Tertiary,5966,39.8256
CZ01,Heating Tertiary,5967,39.8322
CZ01,Heating Tertiary,5968,40.2658
CZ01,Heating Tertiary,5969,40.4066
CZ01,Heating Tertiary,5970,40.5957
CZ01,Heating Tertiary,5971,41.4702
CZ01,Heating Tertiary,5972,44.1536
CZ01,Heating Tertiary,5973,49.5263
CZ01,Heating Tertiary,5974,57.5672
CZ01,Heating Tertiary,5975,67.1356
CZ01,Heating Tertiary,5976,76.2806
CZ01,Heating Tertiary,5977,98.3797
CZ01,Heating Tertiary,5978,103.48299999999999
CZ01,Heating Tertiary,5979,106.116
CZ01,Heating Tertiary,5980,107.236
CZ01,Heating Tertiary,5981,105.586
CZ01,Heating Tertiary,5982,99.6559
CZ01,Heating Tertiary,5983,90.0535
CZ01,Heating Tertiary,5984,78.8279
CZ01,Heating Tertiary,5985,68.6478
CZ01,Heating Tertiary,5986,60.698
CZ01,Heating Tertiary,5987,55.2164
CZ01,Heating Tertiary,5988,51.102
CZ01,Heating Tertiary,5989,48.2896
CZ01,Heating Tertiary,5990,46.9818
CZ01,Heating Tertiary,5991,46.9895
CZ01,Heating Tertiary,5992,47.50100000000001
CZ01,Heating Tertiary,5993,47.6672
CZ01,Heating Tertiary,5994,47.8902
CZ01,Heating Tertiary,5995,48.9219
CZ01,Heating Tertiary,5996,52.0875
CZ01,Heating Tertiary,5997,58.4257
CZ01,Heating Tertiary,5998,67.9113
CZ01,Heating Tertiary,5999,79.1991
CZ01,Heating Tertiary,6000,89.9874
CZ01,Heating Tertiary,6001,68.0839
CZ01,Heating Tertiary,6002,71.6158
CZ01,Heating Tertiary,6003,73.4381
CZ01,Heating Tertiary,6004,74.2131
CZ01,Heating Tertiary,6005,73.071
CZ01,Heating Tertiary,6006,68.9672
CZ01,Heating Tertiary,6007,62.3218
CZ01,Heating Tertiary,6008,54.553000000000004
CZ01,Heating Tertiary,6009,47.5079
CZ01,Heating Tertiary,6010,42.0064
CZ01,Heating Tertiary,6011,38.2127
CZ01,Heating Tertiary,6012,35.3653
CZ01,Heating Tertiary,6013,33.4189
CZ01,Heating Tertiary,6014,32.5139
CZ01,Heating Tertiary,6015,32.5193
CZ01,Heating Tertiary,6016,32.8732
CZ01,Heating Tertiary,6017,32.9882
CZ01,Heating Tertiary,6018,33.1425
CZ01,Heating Tertiary,6019,33.8566
CZ01,Heating Tertiary,6020,36.0473
CZ01,Heating Tertiary,6021,40.4335
CZ01,Heating Tertiary,6022,46.9981
CZ01,Heating Tertiary,6023,54.8101
CZ01,Heating Tertiary,6024,62.2757
CZ01,Heating Tertiary,6025,53.4248
CZ01,Heating Tertiary,6026,56.1959
CZ01,Heating Tertiary,6027,57.6259
CZ01,Heating Tertiary,6028,58.2347
CZ01,Heating Tertiary,6029,57.3381
CZ01,Heating Tertiary,6030,54.1179
CZ01,Heating Tertiary,6031,48.9033
CZ01,Heating Tertiary,6032,42.8071
CZ01,Heating Tertiary,6033,37.2789
CZ01,Heating Tertiary,6034,32.9619
CZ01,Heating Tertiary,6035,29.9851
CZ01,Heating Tertiary,6036,27.7508
CZ01,Heating Tertiary,6037,26.2234
CZ01,Heating Tertiary,6038,25.5133
CZ01,Heating Tertiary,6039,25.5175
CZ01,Heating Tertiary,6040,25.7953
CZ01,Heating Tertiary,6041,25.8855
CZ01,Heating Tertiary,6042,26.0066
CZ01,Heating Tertiary,6043,26.5668
CZ01,Heating Tertiary,6044,28.2859
CZ01,Heating Tertiary,6045,31.7278
CZ01,Heating Tertiary,6046,36.8788
CZ01,Heating Tertiary,6047,43.0089
CZ01,Heating Tertiary,6048,48.8672
CZ01,Heating Tertiary,6049,33.8792
CZ01,Heating Tertiary,6050,35.6364
CZ01,Heating Tertiary,6051,36.5433
CZ01,Heating Tertiary,6052,36.9292
CZ01,Heating Tertiary,6053,36.3607
CZ01,Heating Tertiary,6054,34.3187
CZ01,Heating Tertiary,6055,31.0119
CZ01,Heating Tertiary,6056,27.146
CZ01,Heating Tertiary,6057,23.6403
CZ01,Heating Tertiary,6058,20.9027
CZ01,Heating Tertiary,6059,19.0149
CZ01,Heating Tertiary,6060,17.5981
CZ01,Heating Tertiary,6061,16.6295
CZ01,Heating Tertiary,6062,16.1792
CZ01,Heating Tertiary,6063,16.1818
CZ01,Heating Tertiary,6064,16.358
CZ01,Heating Tertiary,6065,16.4152
CZ01,Heating Tertiary,6066,16.492
CZ01,Heating Tertiary,6067,16.8473
CZ01,Heating Tertiary,6068,17.9374
CZ01,Heating Tertiary,6069,20.12
CZ01,Heating Tertiary,6070,23.3866
CZ01,Heating Tertiary,6071,27.2739
CZ01,Heating Tertiary,6072,30.989
CZ01,Heating Tertiary,6073,37.4234
CZ01,Heating Tertiary,6074,38.4622
CZ01,Heating Tertiary,6075,39.0627
CZ01,Heating Tertiary,6076,38.6264
CZ01,Heating Tertiary,6077,36.6545
CZ01,Heating Tertiary,6078,33.3479
CZ01,Heating Tertiary,6079,29.3851
CZ01,Heating Tertiary,6080,25.5224
CZ01,Heating Tertiary,6081,22.3977
CZ01,Heating Tertiary,6082,20.1664
CZ01,Heating Tertiary,6083,18.5332
CZ01,Heating Tertiary,6084,17.358
CZ01,Heating Tertiary,6085,16.8104
CZ01,Heating Tertiary,6086,16.8525
CZ01,Heating Tertiary,6087,17.0903
CZ01,Heating Tertiary,6088,17.1737
CZ01,Heating Tertiary,6089,17.1519
CZ01,Heating Tertiary,6090,17.3242
CZ01,Heating Tertiary,6091,18.2439
CZ01,Heating Tertiary,6092,20.5106
CZ01,Heating Tertiary,6093,24.116
CZ01,Heating Tertiary,6094,28.568
CZ01,Heating Tertiary,6095,32.6462
CZ01,Heating Tertiary,6096,35.6839
CZ01,Heating Tertiary,6097,38.5011
CZ01,Heating Tertiary,6098,39.5244
CZ01,Heating Tertiary,6099,39.9313
CZ01,Heating Tertiary,6100,39.3199
CZ01,Heating Tertiary,6101,37.3175
CZ01,Heating Tertiary,6102,34.0399
CZ01,Heating Tertiary,6103,30.0932
CZ01,Heating Tertiary,6104,26.3337
CZ01,Heating Tertiary,6105,23.4042
CZ01,Heating Tertiary,6106,21.3953
CZ01,Heating Tertiary,6107,19.8586
CZ01,Heating Tertiary,6108,18.646
CZ01,Heating Tertiary,6109,17.9708
CZ01,Heating Tertiary,6110,17.6627
CZ01,Heating Tertiary,6111,17.5362
CZ01,Heating Tertiary,6112,17.3076
CZ01,Heating Tertiary,6113,17.2101
CZ01,Heating Tertiary,6114,17.469
CZ01,Heating Tertiary,6115,18.491
CZ01,Heating Tertiary,6116,20.6865
CZ01,Heating Tertiary,6117,24.0188
CZ01,Heating Tertiary,6118,28.2319
CZ01,Heating Tertiary,6119,32.6246
CZ01,Heating Tertiary,6120,36.2316
CZ01,Heating Tertiary,6121,33.8792
CZ01,Heating Tertiary,6122,35.6364
CZ01,Heating Tertiary,6123,36.5433
CZ01,Heating Tertiary,6124,36.9292
CZ01,Heating Tertiary,6125,36.3607
CZ01,Heating Tertiary,6126,34.3187
CZ01,Heating Tertiary,6127,31.0119
CZ01,Heating Tertiary,6128,27.146
CZ01,Heating Tertiary,6129,23.6403
CZ01,Heating Tertiary,6130,20.9027
CZ01,Heating Tertiary,6131,19.0149
CZ01,Heating Tertiary,6132,17.5981
CZ01,Heating Tertiary,6133,16.6295
CZ01,Heating Tertiary,6134,16.1792
CZ01,Heating Tertiary,6135,16.1818
CZ01,Heating Tertiary,6136,16.358
CZ01,Heating Tertiary,6137,16.4152
CZ01,Heating Tertiary,6138,16.492
CZ01,Heating Tertiary,6139,16.8473
CZ01,Heating Tertiary,6140,17.9374
CZ01,Heating Tertiary,6141,20.12
CZ01,Heating Tertiary,6142,23.3866
CZ01,Heating Tertiary,6143,27.2739
CZ01,Heating Tertiary,6144,30.989
CZ01,Heating Tertiary,6145,53.4248
CZ01,Heating Tertiary,6146,56.1959
CZ01,Heating Tertiary,6147,57.6259
CZ01,Heating Tertiary,6148,58.2347
CZ01,Heating Tertiary,6149,57.3381
CZ01,Heating Tertiary,6150,54.1179
CZ01,Heating Tertiary,6151,48.9033
CZ01,Heating Tertiary,6152,42.8071
CZ01,Heating Tertiary,6153,37.2789
CZ01,Heating Tertiary,6154,32.9619
CZ01,Heating Tertiary,6155,29.9851
CZ01,Heating Tertiary,6156,27.7508
CZ01,Heating Tertiary,6157,26.2234
CZ01,Heating Tertiary,6158,25.5133
CZ01,Heating Tertiary,6159,25.5175
CZ01,Heating Tertiary,6160,25.7953
CZ01,Heating Tertiary,6161,25.8855
CZ01,Heating Tertiary,6162,26.0066
CZ01,Heating Tertiary,6163,26.5668
CZ01,Heating Tertiary,6164,28.2859
CZ01,Heating Tertiary,6165,31.7278
CZ01,Heating Tertiary,6166,36.8788
CZ01,Heating Tertiary,6167,43.0089
CZ01,Heating Tertiary,6168,48.8672
CZ01,Heating Tertiary,6169,53.4248
CZ01,Heating Tertiary,6170,56.1959
CZ01,Heating Tertiary,6171,57.6259
CZ01,Heating Tertiary,6172,58.2347
CZ01,Heating Tertiary,6173,57.3381
CZ01,Heating Tertiary,6174,54.1179
CZ01,Heating Tertiary,6175,48.9033
CZ01,Heating Tertiary,6176,42.8071
CZ01,Heating Tertiary,6177,37.2789
CZ01,Heating Tertiary,6178,32.9619
CZ01,Heating Tertiary,6179,29.9851
CZ01,Heating Tertiary,6180,27.7508
CZ01,Heating Tertiary,6181,26.2234
CZ01,Heating Tertiary,6182,25.5133
CZ01,Heating Tertiary,6183,25.5175
CZ01,Heating Tertiary,6184,25.7953
CZ01,Heating Tertiary,6185,25.8855
CZ01,Heating Tertiary,6186,26.0066
CZ01,Heating Tertiary,6187,26.5668
CZ01,Heating Tertiary,6188,28.2859
CZ01,Heating Tertiary,6189,31.7278
CZ01,Heating Tertiary,6190,36.8788
CZ01,Heating Tertiary,6191,43.0089
CZ01,Heating Tertiary,6192,48.8672
CZ01,Heating Tertiary,6193,33.8792
CZ01,Heating Tertiary,6194,35.6364
CZ01,Heating Tertiary,6195,36.5433
CZ01,Heating Tertiary,6196,36.9292
CZ01,Heating Tertiary,6197,36.3607
CZ01,Heating Tertiary,6198,34.3187
CZ01,Heating Tertiary,6199,31.0119
CZ01,Heating Tertiary,6200,27.146
CZ01,Heating Tertiary,6201,23.6403
CZ01,Heating Tertiary,6202,20.9027
CZ01,Heating Tertiary,6203,19.0149
CZ01,Heating Tertiary,6204,17.5981
CZ01,Heating Tertiary,6205,16.6295
CZ01,Heating Tertiary,6206,16.1792
CZ01,Heating Tertiary,6207,16.1818
CZ01,Heating Tertiary,6208,16.358
CZ01,Heating Tertiary,6209,16.4152
CZ01,Heating Tertiary,6210,16.492
CZ01,Heating Tertiary,6211,16.8473
CZ01,Heating Tertiary,6212,17.9374
CZ01,Heating Tertiary,6213,20.12
CZ01,Heating Tertiary,6214,23.3866
CZ01,Heating Tertiary,6215,27.2739
CZ01,Heating Tertiary,6216,30.989
CZ01,Heating Tertiary,6217,68.0839
CZ01,Heating Tertiary,6218,71.6158
CZ01,Heating Tertiary,6219,73.4381
CZ01,Heating Tertiary,6220,74.2131
CZ01,Heating Tertiary,6221,73.071
CZ01,Heating Tertiary,6222,68.9672
CZ01,Heating Tertiary,6223,62.3218
CZ01,Heating Tertiary,6224,54.553000000000004
CZ01,Heating Tertiary,6225,47.5079
CZ01,Heating Tertiary,6226,42.0064
CZ01,Heating Tertiary,6227,38.2127
CZ01,Heating Tertiary,6228,35.3653
CZ01,Heating Tertiary,6229,33.4189
CZ01,Heating Tertiary,6230,32.5139
CZ01,Heating Tertiary,6231,32.5193
CZ01,Heating Tertiary,6232,32.8732
CZ01,Heating Tertiary,6233,32.9882
CZ01,Heating Tertiary,6234,33.1425
CZ01,Heating Tertiary,6235,33.8566
CZ01,Heating Tertiary,6236,36.0473
CZ01,Heating Tertiary,6237,40.4335
CZ01,Heating Tertiary,6238,46.9981
CZ01,Heating Tertiary,6239,54.8101
CZ01,Heating Tertiary,6240,62.2757
CZ01,Heating Tertiary,6241,108.67200000000001
CZ01,Heating Tertiary,6242,111.68799999999999
CZ01,Heating Tertiary,6243,113.432
CZ01,Heating Tertiary,6244,112.165
CZ01,Heating Tertiary,6245,106.439
CZ01,Heating Tertiary,6246,96.837
CZ01,Heating Tertiary,6247,85.33
CZ01,Heating Tertiary,6248,74.113
CZ01,Heating Tertiary,6249,65.0394
CZ01,Heating Tertiary,6250,58.5598
CZ01,Heating Tertiary,6251,53.8176
CZ01,Heating Tertiary,6252,50.4049
CZ01,Heating Tertiary,6253,48.8149
CZ01,Heating Tertiary,6254,48.937
CZ01,Heating Tertiary,6255,49.6275
CZ01,Heating Tertiary,6256,49.8697
CZ01,Heating Tertiary,6257,49.8064
CZ01,Heating Tertiary,6258,50.3069
CZ01,Heating Tertiary,6259,52.9774
CZ01,Heating Tertiary,6260,59.5598
CZ01,Heating Tertiary,6261,70.0294
CZ01,Heating Tertiary,6262,82.95700000000002
CZ01,Heating Tertiary,6263,94.7995
CZ01,Heating Tertiary,6264,103.62
CZ01,Heating Tertiary,6265,111.801
CZ01,Heating Tertiary,6266,114.773
CZ01,Heating Tertiary,6267,115.954
CZ01,Heating Tertiary,6268,114.179
CZ01,Heating Tertiary,6269,108.36399999999999
CZ01,Heating Tertiary,6270,98.8469
CZ01,Heating Tertiary,6271,87.3859
CZ01,Heating Tertiary,6272,76.4693
CZ01,Heating Tertiary,6273,67.9619
CZ01,Heating Tertiary,6274,62.1284
CZ01,Heating Tertiary,6275,57.6662
CZ01,Heating Tertiary,6276,54.1452
CZ01,Heating Tertiary,6277,52.1843
CZ01,Heating Tertiary,6278,51.2897
CZ01,Heating Tertiary,6279,50.9223
CZ01,Heating Tertiary,6280,50.2586
CZ01,Heating Tertiary,6281,49.9755
CZ01,Heating Tertiary,6282,50.7273
CZ01,Heating Tertiary,6283,53.695
CZ01,Heating Tertiary,6284,60.0702
CZ01,Heating Tertiary,6285,69.7468
CZ01,Heating Tertiary,6286,81.9811
CZ01,Heating Tertiary,6287,94.7368
CZ01,Heating Tertiary,6288,105.211
CZ01,Heating Tertiary,6289,113.691
CZ01,Heating Tertiary,6290,119.587
CZ01,Heating Tertiary,6291,122.631
CZ01,Heating Tertiary,6292,123.926
CZ01,Heating Tertiary,6293,122.01899999999999
CZ01,Heating Tertiary,6294,115.165
CZ01,Heating Tertiary,6295,104.069
CZ01,Heating Tertiary,6296,91.0956
CZ01,Heating Tertiary,6297,79.3314
CZ01,Heating Tertiary,6298,70.1444
CZ01,Heating Tertiary,6299,63.8098
CZ01,Heating Tertiary,6300,59.0552
CZ01,Heating Tertiary,6301,55.8048
CZ01,Heating Tertiary,6302,54.2935
CZ01,Heating Tertiary,6303,54.3024
CZ01,Heating Tertiary,6304,54.8936
CZ01,Heating Tertiary,6305,55.0856
CZ01,Heating Tertiary,6306,55.3433
CZ01,Heating Tertiary,6307,56.5355
CZ01,Heating Tertiary,6308,60.1939
CZ01,Heating Tertiary,6309,67.5183
CZ01,Heating Tertiary,6310,78.4798
CZ01,Heating Tertiary,6311,91.5249
CZ01,Heating Tertiary,6312,103.992
CZ01,Heating Tertiary,6313,83.3949
CZ01,Heating Tertiary,6314,87.7203
CZ01,Heating Tertiary,6315,89.9528
CZ01,Heating Tertiary,6316,90.9028
CZ01,Heating Tertiary,6317,89.5034
CZ01,Heating Tertiary,6318,84.4767
CZ01,Heating Tertiary,6319,76.337
CZ01,Heating Tertiary,6320,66.8209
CZ01,Heating Tertiary,6321,58.1915
CZ01,Heating Tertiary,6322,51.4528
CZ01,Heating Tertiary,6323,46.806000000000004
CZ01,Heating Tertiary,6324,43.3183
CZ01,Heating Tertiary,6325,40.9342
CZ01,Heating Tertiary,6326,39.8256
CZ01,Heating Tertiary,6327,39.8322
CZ01,Heating Tertiary,6328,40.2658
CZ01,Heating Tertiary,6329,40.4066
CZ01,Heating Tertiary,6330,40.5957
CZ01,Heating Tertiary,6331,41.4702
CZ01,Heating Tertiary,6332,44.1536
CZ01,Heating Tertiary,6333,49.5263
CZ01,Heating Tertiary,6334,57.5672
CZ01,Heating Tertiary,6335,67.1356
CZ01,Heating Tertiary,6336,76.2806
CZ01,Heating Tertiary,6337,53.4248
CZ01,Heating Tertiary,6338,56.1959
CZ01,Heating Tertiary,6339,57.6259
CZ01,Heating Tertiary,6340,58.2347
CZ01,Heating Tertiary,6341,57.3381
CZ01,Heating Tertiary,6342,54.1179
CZ01,Heating Tertiary,6343,48.9033
CZ01,Heating Tertiary,6344,42.8071
CZ01,Heating Tertiary,6345,37.2789
CZ01,Heating Tertiary,6346,32.9619
CZ01,Heating Tertiary,6347,29.9851
CZ01,Heating Tertiary,6348,27.7508
CZ01,Heating Tertiary,6349,26.2234
CZ01,Heating Tertiary,6350,25.5133
CZ01,Heating Tertiary,6351,25.5175
CZ01,Heating Tertiary,6352,25.7953
CZ01,Heating Tertiary,6353,25.8855
CZ01,Heating Tertiary,6354,26.0066
CZ01,Heating Tertiary,6355,26.5668
CZ01,Heating Tertiary,6356,28.2859
CZ01,Heating Tertiary,6357,31.7278
CZ01,Heating Tertiary,6358,36.8788
CZ01,Heating Tertiary,6359,43.0089
CZ01,Heating Tertiary,6360,48.8672
CZ01,Heating Tertiary,6361,53.4248
CZ01,Heating Tertiary,6362,56.1959
CZ01,Heating Tertiary,6363,57.6259
CZ01,Heating Tertiary,6364,58.2347
CZ01,Heating Tertiary,6365,57.3381
CZ01,Heating Tertiary,6366,54.1179
CZ01,Heating Tertiary,6367,48.9033
CZ01,Heating Tertiary,6368,42.8071
CZ01,Heating Tertiary,6369,37.2789
CZ01,Heating Tertiary,6370,32.9619
CZ01,Heating Tertiary,6371,29.9851
CZ01,Heating Tertiary,6372,27.7508
CZ01,Heating Tertiary,6373,26.2234
CZ01,Heating Tertiary,6374,25.5133
CZ01,Heating Tertiary,6375,25.5175
CZ01,Heating Tertiary,6376,25.7953
CZ01,Heating Tertiary,6377,25.8855
CZ01,Heating Tertiary,6378,26.0066
CZ01,Heating Tertiary,6379,26.5668
CZ01,Heating Tertiary,6380,28.2859
CZ01,Heating Tertiary,6381,31.7278
CZ01,Heating Tertiary,6382,36.8788
CZ01,Heating Tertiary,6383,43.0089
CZ01,Heating Tertiary,6384,48.8672
CZ01,Heating Tertiary,6385,33.8792
CZ01,Heating Tertiary,6386,35.6364
CZ01,Heating Tertiary,6387,36.5433
CZ01,Heating Tertiary,6388,36.9292
CZ01,Heating Tertiary,6389,36.3607
CZ01,Heating Tertiary,6390,34.3187
CZ01,Heating Tertiary,6391,31.0119
CZ01,Heating Tertiary,6392,27.146
CZ01,Heating Tertiary,6393,23.6403
CZ01,Heating Tertiary,6394,20.9027
CZ01,Heating Tertiary,6395,19.0149
CZ01,Heating Tertiary,6396,17.5981
CZ01,Heating Tertiary,6397,16.6295
CZ01,Heating Tertiary,6398,16.1792
CZ01,Heating Tertiary,6399,16.1818
CZ01,Heating Tertiary,6400,16.358
CZ01,Heating Tertiary,6401,16.4152
CZ01,Heating Tertiary,6402,16.492
CZ01,Heating Tertiary,6403,16.8473
CZ01,Heating Tertiary,6404,17.9374
CZ01,Heating Tertiary,6405,20.12
CZ01,Heating Tertiary,6406,23.3866
CZ01,Heating Tertiary,6407,27.2739
CZ01,Heating Tertiary,6408,30.989
CZ01,Heating Tertiary,6409,17.2723
CZ01,Heating Tertiary,6410,17.7518
CZ01,Heating Tertiary,6411,18.0289
CZ01,Heating Tertiary,6412,17.8276
CZ01,Heating Tertiary,6413,16.9174
CZ01,Heating Tertiary,6414,15.3913
CZ01,Heating Tertiary,6415,13.5623
CZ01,Heating Tertiary,6416,11.7796
CZ01,Heating Tertiary,6417,10.3374
CZ01,Heating Tertiary,6418,9.30756
CZ01,Heating Tertiary,6419,8.55377
CZ01,Heating Tertiary,6420,8.011389999999999
CZ01,Heating Tertiary,6421,7.75868
CZ01,Heating Tertiary,6422,7.77807
CZ01,Heating Tertiary,6423,7.8878
CZ01,Heating Tertiary,6424,7.92629
CZ01,Heating Tertiary,6425,7.91622
CZ01,Heating Tertiary,6426,7.9958
CZ01,Heating Tertiary,6427,8.42028
CZ01,Heating Tertiary,6428,9.46643
CZ01,Heating Tertiary,6429,11.1304
CZ01,Heating Tertiary,6430,13.1852
CZ01,Heating Tertiary,6431,15.0675
CZ01,Heating Tertiary,6432,16.4695
CZ01,Heating Tertiary,6433,60.7135
CZ01,Heating Tertiary,6434,62.327
CZ01,Heating Tertiary,6435,62.9685
CZ01,Heating Tertiary,6436,62.0042
CZ01,Heating Tertiary,6437,58.8469
CZ01,Heating Tertiary,6438,53.6784
CZ01,Heating Tertiary,6439,47.4546
CZ01,Heating Tertiary,6440,41.5263
CZ01,Heating Tertiary,6441,36.9066
CZ01,Heating Tertiary,6442,33.7388
CZ01,Heating Tertiary,6443,31.3154
CZ01,Heating Tertiary,6444,29.4034
CZ01,Heating Tertiary,6445,28.3385
CZ01,Heating Tertiary,6446,27.8527
CZ01,Heating Tertiary,6447,27.6532
CZ01,Heating Tertiary,6448,27.2928
CZ01,Heating Tertiary,6449,27.139
CZ01,Heating Tertiary,6450,27.5473
CZ01,Heating Tertiary,6451,29.1589
CZ01,Heating Tertiary,6452,32.621
CZ01,Heating Tertiary,6453,37.8757
CZ01,Heating Tertiary,6454,44.5195
CZ01,Heating Tertiary,6455,51.4464
CZ01,Heating Tertiary,6456,57.1344
CZ01,Heating Tertiary,6457,113.691
CZ01,Heating Tertiary,6458,119.587
CZ01,Heating Tertiary,6459,122.631
CZ01,Heating Tertiary,6460,123.926
CZ01,Heating Tertiary,6461,122.01899999999999
CZ01,Heating Tertiary,6462,115.165
CZ01,Heating Tertiary,6463,104.069
CZ01,Heating Tertiary,6464,91.0956
CZ01,Heating Tertiary,6465,79.3314
CZ01,Heating Tertiary,6466,70.1444
CZ01,Heating Tertiary,6467,63.8098
CZ01,Heating Tertiary,6468,59.0552
CZ01,Heating Tertiary,6469,55.8048
CZ01,Heating Tertiary,6470,54.2935
CZ01,Heating Tertiary,6471,54.3024
CZ01,Heating Tertiary,6472,54.8936
CZ01,Heating Tertiary,6473,55.0856
CZ01,Heating Tertiary,6474,55.3433
CZ01,Heating Tertiary,6475,56.5355
CZ01,Heating Tertiary,6476,60.1939
CZ01,Heating Tertiary,6477,67.5183
CZ01,Heating Tertiary,6478,78.4798
CZ01,Heating Tertiary,6479,91.5249
CZ01,Heating Tertiary,6480,103.992
CZ01,Heating Tertiary,6481,129.201
CZ01,Heating Tertiary,6482,132.635
CZ01,Heating Tertiary,6483,134.0
CZ01,Heating Tertiary,6484,131.94799999999998
CZ01,Heating Tertiary,6485,125.229
CZ01,Heating Tertiary,6486,114.23
CZ01,Heating Tertiary,6487,100.986
CZ01,Heating Tertiary,6488,88.3699
CZ01,Heating Tertiary,6489,78.5391
CZ01,Heating Tertiary,6490,71.7976
CZ01,Heating Tertiary,6491,66.6408
CZ01,Heating Tertiary,6492,62.5721
CZ01,Heating Tertiary,6493,60.3056
CZ01,Heating Tertiary,6494,59.2721
CZ01,Heating Tertiary,6495,58.8475
CZ01,Heating Tertiary,6496,58.0805
CZ01,Heating Tertiary,6497,57.753
CZ01,Heating Tertiary,6498,58.6219
CZ01,Heating Tertiary,6499,62.0513
CZ01,Heating Tertiary,6500,69.4189
CZ01,Heating Tertiary,6501,80.6013
CZ01,Heating Tertiary,6502,94.7397
CZ01,Heating Tertiary,6503,109.48
CZ01,Heating Tertiary,6504,121.585
CZ01,Heating Tertiary,6505,98.3797
CZ01,Heating Tertiary,6506,103.48299999999999
CZ01,Heating Tertiary,6507,106.116
CZ01,Heating Tertiary,6508,107.236
CZ01,Heating Tertiary,6509,105.586
CZ01,Heating Tertiary,6510,99.6559
CZ01,Heating Tertiary,6511,90.0535
CZ01,Heating Tertiary,6512,78.8279
CZ01,Heating Tertiary,6513,68.6478
CZ01,Heating Tertiary,6514,60.698
CZ01,Heating Tertiary,6515,55.2164
CZ01,Heating Tertiary,6516,51.102
CZ01,Heating Tertiary,6517,48.2896
CZ01,Heating Tertiary,6518,46.9818
CZ01,Heating Tertiary,6519,46.9895
CZ01,Heating Tertiary,6520,47.50100000000001
CZ01,Heating Tertiary,6521,47.6672
CZ01,Heating Tertiary,6522,47.8902
CZ01,Heating Tertiary,6523,48.9219
CZ01,Heating Tertiary,6524,52.0875
CZ01,Heating Tertiary,6525,58.4257
CZ01,Heating Tertiary,6526,67.9113
CZ01,Heating Tertiary,6527,79.1991
CZ01,Heating Tertiary,6528,89.9874
CZ01,Heating Tertiary,6529,129.327
CZ01,Heating Tertiary,6530,136.035
CZ01,Heating Tertiary,6531,139.497
CZ01,Heating Tertiary,6532,140.97
CZ01,Heating Tertiary,6533,138.8
CZ01,Heating Tertiary,6534,131.005
CZ01,Heating Tertiary,6535,118.382
CZ01,Heating Tertiary,6536,103.625
CZ01,Heating Tertiary,6537,90.2423
CZ01,Heating Tertiary,6538,79.7923
CZ01,Heating Tertiary,6539,72.5859
CZ01,Heating Tertiary,6540,67.1771
CZ01,Heating Tertiary,6541,63.4801
CZ01,Heating Tertiary,6542,61.7608
CZ01,Heating Tertiary,6543,61.7711
CZ01,Heating Tertiary,6544,62.4432
CZ01,Heating Tertiary,6545,62.6618
CZ01,Heating Tertiary,6546,62.9547
CZ01,Heating Tertiary,6547,64.311
CZ01,Heating Tertiary,6548,68.4729
CZ01,Heating Tertiary,6549,76.8042
CZ01,Heating Tertiary,6550,89.2739
CZ01,Heating Tertiary,6551,104.113
CZ01,Heating Tertiary,6552,118.295
CZ01,Heating Tertiary,6553,145.398
CZ01,Heating Tertiary,6554,152.94
CZ01,Heating Tertiary,6555,156.832
CZ01,Heating Tertiary,6556,158.488
CZ01,Heating Tertiary,6557,156.048
CZ01,Heating Tertiary,6558,147.284
CZ01,Heating Tertiary,6559,133.093
CZ01,Heating Tertiary,6560,116.50200000000001
CZ01,Heating Tertiary,6561,101.456
CZ01,Heating Tertiary,6562,89.7071
CZ01,Heating Tertiary,6563,81.60600000000002
CZ01,Heating Tertiary,6564,75.5251
CZ01,Heating Tertiary,6565,71.3683
CZ01,Heating Tertiary,6566,69.4355
CZ01,Heating Tertiary,6567,69.4471
CZ01,Heating Tertiary,6568,70.2031
CZ01,Heating Tertiary,6569,70.4488
CZ01,Heating Tertiary,6570,70.778
CZ01,Heating Tertiary,6571,72.3028
CZ01,Heating Tertiary,6572,76.9814
CZ01,Heating Tertiary,6573,86.3485
CZ01,Heating Tertiary,6574,100.367
CZ01,Heating Tertiary,6575,117.05
CZ01,Heating Tertiary,6576,132.994
CZ01,Heating Tertiary,6577,142.856
CZ01,Heating Tertiary,6578,146.822
CZ01,Heating Tertiary,6579,149.114
CZ01,Heating Tertiary,6580,147.44899999999996
CZ01,Heating Tertiary,6581,139.921
CZ01,Heating Tertiary,6582,127.29899999999999
CZ01,Heating Tertiary,6583,112.17200000000001
CZ01,Heating Tertiary,6584,97.4268
CZ01,Heating Tertiary,6585,85.4986
CZ01,Heating Tertiary,6586,76.9814
CZ01,Heating Tertiary,6587,70.7469
CZ01,Heating Tertiary,6588,66.26100000000001
CZ01,Heating Tertiary,6589,64.1706
CZ01,Heating Tertiary,6590,64.3311
CZ01,Heating Tertiary,6591,65.2385
CZ01,Heating Tertiary,6592,65.5573
CZ01,Heating Tertiary,6593,65.4739
CZ01,Heating Tertiary,6594,66.1321
CZ01,Heating Tertiary,6595,69.6427
CZ01,Heating Tertiary,6596,78.2951
CZ01,Heating Tertiary,6597,92.0583
CZ01,Heating Tertiary,6598,109.053
CZ01,Heating Tertiary,6599,124.62100000000001
CZ01,Heating Tertiary,6600,136.217
CZ01,Heating Tertiary,6601,111.801
CZ01,Heating Tertiary,6602,114.773
CZ01,Heating Tertiary,6603,115.954
CZ01,Heating Tertiary,6604,114.179
CZ01,Heating Tertiary,6605,108.36399999999999
CZ01,Heating Tertiary,6606,98.8469
CZ01,Heating Tertiary,6607,87.3859
CZ01,Heating Tertiary,6608,76.4693
CZ01,Heating Tertiary,6609,67.9619
CZ01,Heating Tertiary,6610,62.1284
CZ01,Heating Tertiary,6611,57.6662
CZ01,Heating Tertiary,6612,54.1452
CZ01,Heating Tertiary,6613,52.1843
CZ01,Heating Tertiary,6614,51.2897
CZ01,Heating Tertiary,6615,50.9223
CZ01,Heating Tertiary,6616,50.2586
CZ01,Heating Tertiary,6617,49.9755
CZ01,Heating Tertiary,6618,50.7273
CZ01,Heating Tertiary,6619,53.695
CZ01,Heating Tertiary,6620,60.0702
CZ01,Heating Tertiary,6621,69.7468
CZ01,Heating Tertiary,6622,81.9811
CZ01,Heating Tertiary,6623,94.7368
CZ01,Heating Tertiary,6624,105.211
CZ01,Heating Tertiary,6625,98.3797
CZ01,Heating Tertiary,6626,103.48299999999999
CZ01,Heating Tertiary,6627,106.116
CZ01,Heating Tertiary,6628,107.236
CZ01,Heating Tertiary,6629,105.586
CZ01,Heating Tertiary,6630,99.6559
CZ01,Heating Tertiary,6631,90.0535
CZ01,Heating Tertiary,6632,78.8279
CZ01,Heating Tertiary,6633,68.6478
CZ01,Heating Tertiary,6634,60.698
CZ01,Heating Tertiary,6635,55.2164
CZ01,Heating Tertiary,6636,51.102
CZ01,Heating Tertiary,6637,48.2896
CZ01,Heating Tertiary,6638,46.9818
CZ01,Heating Tertiary,6639,46.9895
CZ01,Heating Tertiary,6640,47.50100000000001
CZ01,Heating Tertiary,6641,47.6672
CZ01,Heating Tertiary,6642,47.8902
CZ01,Heating Tertiary,6643,48.9219
CZ01,Heating Tertiary,6644,52.0875
CZ01,Heating Tertiary,6645,58.4257
CZ01,Heating Tertiary,6646,67.9113
CZ01,Heating Tertiary,6647,79.1991
CZ01,Heating Tertiary,6648,89.9874
CZ01,Heating Tertiary,6649,68.0839
CZ01,Heating Tertiary,6650,71.6158
CZ01,Heating Tertiary,6651,73.4381
CZ01,Heating Tertiary,6652,74.2131
CZ01,Heating Tertiary,6653,73.071
CZ01,Heating Tertiary,6654,68.9672
CZ01,Heating Tertiary,6655,62.3218
CZ01,Heating Tertiary,6656,54.553000000000004
CZ01,Heating Tertiary,6657,47.5079
CZ01,Heating Tertiary,6658,42.0064
CZ01,Heating Tertiary,6659,38.2127
CZ01,Heating Tertiary,6660,35.3653
CZ01,Heating Tertiary,6661,33.4189
CZ01,Heating Tertiary,6662,32.5139
CZ01,Heating Tertiary,6663,32.5193
CZ01,Heating Tertiary,6664,32.8732
CZ01,Heating Tertiary,6665,32.9882
CZ01,Heating Tertiary,6666,33.1425
CZ01,Heating Tertiary,6667,33.8566
CZ01,Heating Tertiary,6668,36.0473
CZ01,Heating Tertiary,6669,40.4335
CZ01,Heating Tertiary,6670,46.9981
CZ01,Heating Tertiary,6671,54.8101
CZ01,Heating Tertiary,6672,62.2757
CZ01,Heating Tertiary,6673,68.0839
CZ01,Heating Tertiary,6674,71.6158
CZ01,Heating Tertiary,6675,73.4381
CZ01,Heating Tertiary,6676,74.2131
CZ01,Heating Tertiary,6677,73.071
CZ01,Heating Tertiary,6678,68.9672
CZ01,Heating Tertiary,6679,62.3218
CZ01,Heating Tertiary,6680,54.553000000000004
CZ01,Heating Tertiary,6681,47.5079
CZ01,Heating Tertiary,6682,42.0064
CZ01,Heating Tertiary,6683,38.2127
CZ01,Heating Tertiary,6684,35.3653
CZ01,Heating Tertiary,6685,33.4189
CZ01,Heating Tertiary,6686,32.5139
CZ01,Heating Tertiary,6687,32.5193
CZ01,Heating Tertiary,6688,32.8732
CZ01,Heating Tertiary,6689,32.9882
CZ01,Heating Tertiary,6690,33.1425
CZ01,Heating Tertiary,6691,33.8566
CZ01,Heating Tertiary,6692,36.0473
CZ01,Heating Tertiary,6693,40.4335
CZ01,Heating Tertiary,6694,46.9981
CZ01,Heating Tertiary,6695,54.8101
CZ01,Heating Tertiary,6696,62.2757
CZ01,Heating Tertiary,6697,68.0839
CZ01,Heating Tertiary,6698,71.6158
CZ01,Heating Tertiary,6699,73.4381
CZ01,Heating Tertiary,6700,74.2131
CZ01,Heating Tertiary,6701,73.071
CZ01,Heating Tertiary,6702,68.9672
CZ01,Heating Tertiary,6703,62.3218
CZ01,Heating Tertiary,6704,54.553000000000004
CZ01,Heating Tertiary,6705,47.5079
CZ01,Heating Tertiary,6706,42.0064
CZ01,Heating Tertiary,6707,38.2127
CZ01,Heating Tertiary,6708,35.3653
CZ01,Heating Tertiary,6709,33.4189
CZ01,Heating Tertiary,6710,32.5139
CZ01,Heating Tertiary,6711,32.5193
CZ01,Heating Tertiary,6712,32.8732
CZ01,Heating Tertiary,6713,32.9882
CZ01,Heating Tertiary,6714,33.1425
CZ01,Heating Tertiary,6715,33.8566
CZ01,Heating Tertiary,6716,36.0473
CZ01,Heating Tertiary,6717,40.4335
CZ01,Heating Tertiary,6718,46.9981
CZ01,Heating Tertiary,6719,54.8101
CZ01,Heating Tertiary,6720,62.2757
CZ01,Heating Tertiary,6721,68.0839
CZ01,Heating Tertiary,6722,71.6158
CZ01,Heating Tertiary,6723,73.4381
CZ01,Heating Tertiary,6724,74.2131
CZ01,Heating Tertiary,6725,73.071
CZ01,Heating Tertiary,6726,68.9672
CZ01,Heating Tertiary,6727,62.3218
CZ01,Heating Tertiary,6728,54.553000000000004
CZ01,Heating Tertiary,6729,47.5079
CZ01,Heating Tertiary,6730,42.0064
CZ01,Heating Tertiary,6731,38.2127
CZ01,Heating Tertiary,6732,35.3653
CZ01,Heating Tertiary,6733,33.4189
CZ01,Heating Tertiary,6734,32.5139
CZ01,Heating Tertiary,6735,32.5193
CZ01,Heating Tertiary,6736,32.8732
CZ01,Heating Tertiary,6737,32.9882
CZ01,Heating Tertiary,6738,33.1425
CZ01,Heating Tertiary,6739,33.8566
CZ01,Heating Tertiary,6740,36.0473
CZ01,Heating Tertiary,6741,40.4335
CZ01,Heating Tertiary,6742,46.9981
CZ01,Heating Tertiary,6743,54.8101
CZ01,Heating Tertiary,6744,62.2757
CZ01,Heating Tertiary,6745,108.67200000000001
CZ01,Heating Tertiary,6746,111.68799999999999
CZ01,Heating Tertiary,6747,113.432
CZ01,Heating Tertiary,6748,112.165
CZ01,Heating Tertiary,6749,106.439
CZ01,Heating Tertiary,6750,96.837
CZ01,Heating Tertiary,6751,85.33
CZ01,Heating Tertiary,6752,74.113
CZ01,Heating Tertiary,6753,65.0394
CZ01,Heating Tertiary,6754,58.5598
CZ01,Heating Tertiary,6755,53.8176
CZ01,Heating Tertiary,6756,50.4049
CZ01,Heating Tertiary,6757,48.8149
CZ01,Heating Tertiary,6758,48.937
CZ01,Heating Tertiary,6759,49.6275
CZ01,Heating Tertiary,6760,49.8697
CZ01,Heating Tertiary,6761,49.8064
CZ01,Heating Tertiary,6762,50.3069
CZ01,Heating Tertiary,6763,52.9774
CZ01,Heating Tertiary,6764,59.5598
CZ01,Heating Tertiary,6765,70.0294
CZ01,Heating Tertiary,6766,82.95700000000002
CZ01,Heating Tertiary,6767,94.7995
CZ01,Heating Tertiary,6768,103.62
CZ01,Heating Tertiary,6769,129.201
CZ01,Heating Tertiary,6770,132.635
CZ01,Heating Tertiary,6771,134.0
CZ01,Heating Tertiary,6772,131.94799999999998
CZ01,Heating Tertiary,6773,125.229
CZ01,Heating Tertiary,6774,114.23
CZ01,Heating Tertiary,6775,100.986
CZ01,Heating Tertiary,6776,88.3699
CZ01,Heating Tertiary,6777,78.5391
CZ01,Heating Tertiary,6778,71.7976
CZ01,Heating Tertiary,6779,66.6408
CZ01,Heating Tertiary,6780,62.5721
CZ01,Heating Tertiary,6781,60.3056
CZ01,Heating Tertiary,6782,59.2721
CZ01,Heating Tertiary,6783,58.8475
CZ01,Heating Tertiary,6784,58.0805
CZ01,Heating Tertiary,6785,57.753
CZ01,Heating Tertiary,6786,58.6219
CZ01,Heating Tertiary,6787,62.0513
CZ01,Heating Tertiary,6788,69.4189
CZ01,Heating Tertiary,6789,80.6013
CZ01,Heating Tertiary,6790,94.7397
CZ01,Heating Tertiary,6791,109.48
CZ01,Heating Tertiary,6792,121.585
CZ01,Heating Tertiary,6793,159.84
CZ01,Heating Tertiary,6794,168.13099999999997
CZ01,Heating Tertiary,6795,172.40900000000005
CZ01,Heating Tertiary,6796,174.23
CZ01,Heating Tertiary,6797,171.548
CZ01,Heating Tertiary,6798,161.914
CZ01,Heating Tertiary,6799,146.312
CZ01,Heating Tertiary,6800,128.07399999999998
CZ01,Heating Tertiary,6801,111.53299999999999
CZ01,Heating Tertiary,6802,98.6179
CZ01,Heating Tertiary,6803,89.7112
CZ01,Heating Tertiary,6804,83.0267
CZ01,Heating Tertiary,6805,78.4574
CZ01,Heating Tertiary,6806,76.3324
CZ01,Heating Tertiary,6807,76.345
CZ01,Heating Tertiary,6808,77.1759
CZ01,Heating Tertiary,6809,77.4458
CZ01,Heating Tertiary,6810,77.8083
CZ01,Heating Tertiary,6811,79.4845
CZ01,Heating Tertiary,6812,84.62799999999999
CZ01,Heating Tertiary,6813,94.9255
CZ01,Heating Tertiary,6814,110.337
CZ01,Heating Tertiary,6815,128.67700000000002
CZ01,Heating Tertiary,6816,146.204
CZ01,Heating Tertiary,6817,159.84
CZ01,Heating Tertiary,6818,168.13099999999997
CZ01,Heating Tertiary,6819,172.40900000000005
CZ01,Heating Tertiary,6820,174.23
CZ01,Heating Tertiary,6821,171.548
CZ01,Heating Tertiary,6822,161.914
CZ01,Heating Tertiary,6823,146.312
CZ01,Heating Tertiary,6824,128.07399999999998
CZ01,Heating Tertiary,6825,111.53299999999999
CZ01,Heating Tertiary,6826,98.6179
CZ01,Heating Tertiary,6827,89.7112
CZ01,Heating Tertiary,6828,83.0267
CZ01,Heating Tertiary,6829,78.4574
CZ01,Heating Tertiary,6830,76.3324
CZ01,Heating Tertiary,6831,76.345
CZ01,Heating Tertiary,6832,77.1759
CZ01,Heating Tertiary,6833,77.4458
CZ01,Heating Tertiary,6834,77.8083
CZ01,Heating Tertiary,6835,79.4845
CZ01,Heating Tertiary,6836,84.62799999999999
CZ01,Heating Tertiary,6837,94.9255
CZ01,Heating Tertiary,6838,110.337
CZ01,Heating Tertiary,6839,128.67700000000002
CZ01,Heating Tertiary,6840,146.204
CZ01,Heating Tertiary,6841,175.042
CZ01,Heating Tertiary,6842,184.122
CZ01,Heating Tertiary,6843,188.80700000000002
CZ01,Heating Tertiary,6844,190.8
CZ01,Heating Tertiary,6845,187.864
CZ01,Heating Tertiary,6846,177.313
CZ01,Heating Tertiary,6847,160.22799999999995
CZ01,Heating Tertiary,6848,140.254
CZ01,Heating Tertiary,6849,122.14200000000001
CZ01,Heating Tertiary,6850,107.99700000000001
CZ01,Heating Tertiary,6851,98.2439
CZ01,Heating Tertiary,6852,90.9236
CZ01,Heating Tertiary,6853,85.9192
CZ01,Heating Tertiary,6854,83.5923
CZ01,Heating Tertiary,6855,83.6061
CZ01,Heating Tertiary,6856,84.5164
CZ01,Heating Tertiary,6857,84.8116
CZ01,Heating Tertiary,6858,85.2086
CZ01,Heating Tertiary,6859,87.0442
CZ01,Heating Tertiary,6860,92.6768
CZ01,Heating Tertiary,6861,103.954
CZ01,Heating Tertiary,6862,120.831
CZ01,Heating Tertiary,6863,140.915
CZ01,Heating Tertiary,6864,160.109
CZ01,Heating Tertiary,6865,190.46200000000002
CZ01,Heating Tertiary,6866,200.34099999999998
CZ01,Heating Tertiary,6867,205.43900000000002
CZ01,Heating Tertiary,6868,207.608
CZ01,Heating Tertiary,6869,204.41299999999998
CZ01,Heating Tertiary,6870,192.93200000000002
CZ01,Heating Tertiary,6871,174.343
CZ01,Heating Tertiary,6872,152.609
CZ01,Heating Tertiary,6873,132.901
CZ01,Heating Tertiary,6874,117.51100000000001
CZ01,Heating Tertiary,6875,106.898
CZ01,Heating Tertiary,6876,98.9326
CZ01,Heating Tertiary,6877,93.4876
CZ01,Heating Tertiary,6878,90.9558
CZ01,Heating Tertiary,6879,90.9707
CZ01,Heating Tertiary,6880,91.961
CZ01,Heating Tertiary,6881,92.2827
CZ01,Heating Tertiary,6882,92.7148
CZ01,Heating Tertiary,6883,94.712
CZ01,Heating Tertiary,6884,100.84100000000001
CZ01,Heating Tertiary,6885,113.111
CZ01,Heating Tertiary,6886,131.475
CZ01,Heating Tertiary,6887,153.328
CZ01,Heating Tertiary,6888,174.21400000000003
CZ01,Heating Tertiary,6889,190.46200000000002
CZ01,Heating Tertiary,6890,200.34099999999998
CZ01,Heating Tertiary,6891,205.43900000000002
CZ01,Heating Tertiary,6892,207.608
CZ01,Heating Tertiary,6893,204.41299999999998
CZ01,Heating Tertiary,6894,192.93200000000002
CZ01,Heating Tertiary,6895,174.343
CZ01,Heating Tertiary,6896,152.609
CZ01,Heating Tertiary,6897,132.901
CZ01,Heating Tertiary,6898,117.51100000000001
CZ01,Heating Tertiary,6899,106.898
CZ01,Heating Tertiary,6900,98.9326
CZ01,Heating Tertiary,6901,93.4876
CZ01,Heating Tertiary,6902,90.9558
CZ01,Heating Tertiary,6903,90.9707
CZ01,Heating Tertiary,6904,91.961
CZ01,Heating Tertiary,6905,92.2827
CZ01,Heating Tertiary,6906,92.7148
CZ01,Heating Tertiary,6907,94.712
CZ01,Heating Tertiary,6908,100.84100000000001
CZ01,Heating Tertiary,6909,113.111
CZ01,Heating Tertiary,6910,131.475
CZ01,Heating Tertiary,6911,153.328
CZ01,Heating Tertiary,6912,174.21400000000003
CZ01,Heating Tertiary,6913,160.609
CZ01,Heating Tertiary,6914,165.067
CZ01,Heating Tertiary,6915,167.644
CZ01,Heating Tertiary,6916,165.771
CZ01,Heating Tertiary,6917,157.309
CZ01,Heating Tertiary,6918,143.118
CZ01,Heating Tertiary,6919,126.111
CZ01,Heating Tertiary,6920,109.53399999999999
CZ01,Heating Tertiary,6921,96.1235
CZ01,Heating Tertiary,6922,86.54700000000004
CZ01,Heating Tertiary,6923,79.5385
CZ01,Heating Tertiary,6924,74.4945
CZ01,Heating Tertiary,6925,72.1446
CZ01,Heating Tertiary,6926,72.3252
CZ01,Heating Tertiary,6927,73.3454
CZ01,Heating Tertiary,6928,73.7039
CZ01,Heating Tertiary,6929,73.6101
CZ01,Heating Tertiary,6930,74.3501
CZ01,Heating Tertiary,6931,78.2968
CZ01,Heating Tertiary,6932,88.0246
CZ01,Heating Tertiary,6933,103.49799999999999
CZ01,Heating Tertiary,6934,122.604
CZ01,Heating Tertiary,6935,140.106
CZ01,Heating Tertiary,6936,153.143
CZ01,Heating Tertiary,6937,165.234
CZ01,Heating Tertiary,6938,169.625
CZ01,Heating Tertiary,6939,171.372
CZ01,Heating Tertiary,6940,168.748
CZ01,Heating Tertiary,6941,160.154
CZ01,Heating Tertiary,6942,146.088
CZ01,Heating Tertiary,6943,129.15
CZ01,Heating Tertiary,6944,113.016
CZ01,Heating Tertiary,6945,100.443
CZ01,Heating Tertiary,6946,91.8218
CZ01,Heating Tertiary,6947,85.2264
CZ01,Heating Tertiary,6948,80.0225
CZ01,Heating Tertiary,6949,77.1247
CZ01,Heating Tertiary,6950,75.8024
CZ01,Heating Tertiary,6951,75.2592
CZ01,Heating Tertiary,6952,74.2782
CZ01,Heating Tertiary,6953,73.8598
CZ01,Heating Tertiary,6954,74.971
CZ01,Heating Tertiary,6955,79.3573
CZ01,Heating Tertiary,6956,88.7796
CZ01,Heating Tertiary,6957,103.081
CZ01,Heating Tertiary,6958,121.162
CZ01,Heating Tertiary,6959,140.014
CZ01,Heating Tertiary,6960,155.494
CZ01,Heating Tertiary,6961,159.84
CZ01,Heating Tertiary,6962,168.13099999999997
CZ01,Heating Tertiary,6963,172.40900000000005
CZ01,Heating Tertiary,6964,174.23
CZ01,Heating Tertiary,6965,171.548
CZ01,Heating Tertiary,6966,161.914
CZ01,Heating Tertiary,6967,146.312
CZ01,Heating Tertiary,6968,128.07399999999998
CZ01,Heating Tertiary,6969,111.53299999999999
CZ01,Heating Tertiary,6970,98.6179
CZ01,Heating Tertiary,6971,89.7112
CZ01,Heating Tertiary,6972,83.0267
CZ01,Heating Tertiary,6973,78.4574
CZ01,Heating Tertiary,6974,76.3324
CZ01,Heating Tertiary,6975,76.345
CZ01,Heating Tertiary,6976,77.1759
CZ01,Heating Tertiary,6977,77.4458
CZ01,Heating Tertiary,6978,77.8083
CZ01,Heating Tertiary,6979,79.4845
CZ01,Heating Tertiary,6980,84.62799999999999
CZ01,Heating Tertiary,6981,94.9255
CZ01,Heating Tertiary,6982,110.337
CZ01,Heating Tertiary,6983,128.67700000000002
CZ01,Heating Tertiary,6984,146.204
CZ01,Heating Tertiary,6985,175.042
CZ01,Heating Tertiary,6986,184.122
CZ01,Heating Tertiary,6987,188.80700000000002
CZ01,Heating Tertiary,6988,190.8
CZ01,Heating Tertiary,6989,187.864
CZ01,Heating Tertiary,6990,177.313
CZ01,Heating Tertiary,6991,160.22799999999995
CZ01,Heating Tertiary,6992,140.254
CZ01,Heating Tertiary,6993,122.14200000000001
CZ01,Heating Tertiary,6994,107.99700000000001
CZ01,Heating Tertiary,6995,98.2439
CZ01,Heating Tertiary,6996,90.9236
CZ01,Heating Tertiary,6997,85.9192
CZ01,Heating Tertiary,6998,83.5923
CZ01,Heating Tertiary,6999,83.6061
CZ01,Heating Tertiary,7000,84.5164
CZ01,Heating Tertiary,7001,84.8116
CZ01,Heating Tertiary,7002,85.2086
CZ01,Heating Tertiary,7003,87.0442
CZ01,Heating Tertiary,7004,92.6768
CZ01,Heating Tertiary,7005,103.954
CZ01,Heating Tertiary,7006,120.831
CZ01,Heating Tertiary,7007,140.915
CZ01,Heating Tertiary,7008,160.109
CZ01,Heating Tertiary,7009,159.84
CZ01,Heating Tertiary,7010,168.13099999999997
CZ01,Heating Tertiary,7011,172.40900000000005
CZ01,Heating Tertiary,7012,174.23
CZ01,Heating Tertiary,7013,171.548
CZ01,Heating Tertiary,7014,161.914
CZ01,Heating Tertiary,7015,146.312
CZ01,Heating Tertiary,7016,128.07399999999998
CZ01,Heating Tertiary,7017,111.53299999999999
CZ01,Heating Tertiary,7018,98.6179
CZ01,Heating Tertiary,7019,89.7112
CZ01,Heating Tertiary,7020,83.0267
CZ01,Heating Tertiary,7021,78.4574
CZ01,Heating Tertiary,7022,76.3324
CZ01,Heating Tertiary,7023,76.345
CZ01,Heating Tertiary,7024,77.1759
CZ01,Heating Tertiary,7025,77.4458
CZ01,Heating Tertiary,7026,77.8083
CZ01,Heating Tertiary,7027,79.4845
CZ01,Heating Tertiary,7028,84.62799999999999
CZ01,Heating Tertiary,7029,94.9255
CZ01,Heating Tertiary,7030,110.337
CZ01,Heating Tertiary,7031,128.67700000000002
CZ01,Heating Tertiary,7032,146.204
CZ01,Heating Tertiary,7033,175.042
CZ01,Heating Tertiary,7034,184.122
CZ01,Heating Tertiary,7035,188.80700000000002
CZ01,Heating Tertiary,7036,190.8
CZ01,Heating Tertiary,7037,187.864
CZ01,Heating Tertiary,7038,177.313
CZ01,Heating Tertiary,7039,160.22799999999995
CZ01,Heating Tertiary,7040,140.254
CZ01,Heating Tertiary,7041,122.14200000000001
CZ01,Heating Tertiary,7042,107.99700000000001
CZ01,Heating Tertiary,7043,98.2439
CZ01,Heating Tertiary,7044,90.9236
CZ01,Heating Tertiary,7045,85.9192
CZ01,Heating Tertiary,7046,83.5923
CZ01,Heating Tertiary,7047,83.6061
CZ01,Heating Tertiary,7048,84.5164
CZ01,Heating Tertiary,7049,84.8116
CZ01,Heating Tertiary,7050,85.2086
CZ01,Heating Tertiary,7051,87.0442
CZ01,Heating Tertiary,7052,92.6768
CZ01,Heating Tertiary,7053,103.954
CZ01,Heating Tertiary,7054,120.831
CZ01,Heating Tertiary,7055,140.915
CZ01,Heating Tertiary,7056,160.109
CZ01,Heating Tertiary,7057,190.46200000000002
CZ01,Heating Tertiary,7058,200.34099999999998
CZ01,Heating Tertiary,7059,205.43900000000002
CZ01,Heating Tertiary,7060,207.608
CZ01,Heating Tertiary,7061,204.41299999999998
CZ01,Heating Tertiary,7062,192.93200000000002
CZ01,Heating Tertiary,7063,174.343
CZ01,Heating Tertiary,7064,152.609
CZ01,Heating Tertiary,7065,132.901
CZ01,Heating Tertiary,7066,117.51100000000001
CZ01,Heating Tertiary,7067,106.898
CZ01,Heating Tertiary,7068,98.9326
CZ01,Heating Tertiary,7069,93.4876
CZ01,Heating Tertiary,7070,90.9558
CZ01,Heating Tertiary,7071,90.9707
CZ01,Heating Tertiary,7072,91.961
CZ01,Heating Tertiary,7073,92.2827
CZ01,Heating Tertiary,7074,92.7148
CZ01,Heating Tertiary,7075,94.712
CZ01,Heating Tertiary,7076,100.84100000000001
CZ01,Heating Tertiary,7077,113.111
CZ01,Heating Tertiary,7078,131.475
CZ01,Heating Tertiary,7079,153.328
CZ01,Heating Tertiary,7080,174.21400000000003
CZ01,Heating Tertiary,7081,210.387
CZ01,Heating Tertiary,7082,216.227
CZ01,Heating Tertiary,7083,219.60299999999998
CZ01,Heating Tertiary,7084,217.149
CZ01,Heating Tertiary,7085,206.06400000000002
CZ01,Heating Tertiary,7086,187.475
CZ01,Heating Tertiary,7087,165.197
CZ01,Heating Tertiary,7088,143.482
CZ01,Heating Tertiary,7089,125.915
CZ01,Heating Tertiary,7090,113.37100000000001
CZ01,Heating Tertiary,7091,104.19
CZ01,Heating Tertiary,7092,97.5827
CZ01,Heating Tertiary,7093,94.5049
CZ01,Heating Tertiary,7094,94.7414
CZ01,Heating Tertiary,7095,96.07799999999999
CZ01,Heating Tertiary,7096,96.54700000000001
CZ01,Heating Tertiary,7097,96.4244
CZ01,Heating Tertiary,7098,97.3934
CZ01,Heating Tertiary,7099,102.56299999999999
CZ01,Heating Tertiary,7100,115.306
CZ01,Heating Tertiary,7101,135.575
CZ01,Heating Tertiary,7102,160.60399999999996
CZ01,Heating Tertiary,7103,183.53
CZ01,Heating Tertiary,7104,200.608
CZ01,Heating Tertiary,7105,181.646
CZ01,Heating Tertiary,7106,186.47400000000002
CZ01,Heating Tertiary,7107,188.394
CZ01,Heating Tertiary,7108,185.50900000000001
CZ01,Heating Tertiary,7109,176.062
CZ01,Heating Tertiary,7110,160.599
CZ01,Heating Tertiary,7111,141.97799999999995
CZ01,Heating Tertiary,7112,124.241
CZ01,Heating Tertiary,7113,110.419
CZ01,Heating Tertiary,7114,100.94200000000001
CZ01,Heating Tertiary,7115,93.6918
CZ01,Heating Tertiary,7116,87.9711
CZ01,Heating Tertiary,7117,84.7851
CZ01,Heating Tertiary,7118,83.3316
CZ01,Heating Tertiary,7119,82.7349
CZ01,Heating Tertiary,7120,81.6566
CZ01,Heating Tertiary,7121,81.1963
CZ01,Heating Tertiary,7122,82.4179
CZ01,Heating Tertiary,7123,87.2398
CZ01,Heating Tertiary,7124,97.5977
CZ01,Heating Tertiary,7125,113.319
CZ01,Heating Tertiary,7126,133.196
CZ01,Heating Tertiary,7127,153.921
CZ01,Heating Tertiary,7128,170.93900000000005
CZ01,Heating Tertiary,7129,145.398
CZ01,Heating Tertiary,7130,152.94
CZ01,Heating Tertiary,7131,156.832
CZ01,Heating Tertiary,7132,158.488
CZ01,Heating Tertiary,7133,156.048
CZ01,Heating Tertiary,7134,147.284
CZ01,Heating Tertiary,7135,133.093
CZ01,Heating Tertiary,7136,116.50200000000001
CZ01,Heating Tertiary,7137,101.456
CZ01,Heating Tertiary,7138,89.7071
CZ01,Heating Tertiary,7139,81.60600000000002
CZ01,Heating Tertiary,7140,75.5251
CZ01,Heating Tertiary,7141,71.3683
CZ01,Heating Tertiary,7142,69.4355
CZ01,Heating Tertiary,7143,69.4471
CZ01,Heating Tertiary,7144,70.2031
CZ01,Heating Tertiary,7145,70.4488
CZ01,Heating Tertiary,7146,70.778
CZ01,Heating Tertiary,7147,72.3028
CZ01,Heating Tertiary,7148,76.9814
CZ01,Heating Tertiary,7149,86.3485
CZ01,Heating Tertiary,7150,100.367
CZ01,Heating Tertiary,7151,117.05
CZ01,Heating Tertiary,7152,132.994
CZ01,Heating Tertiary,7153,206.967
CZ01,Heating Tertiary,7154,217.702
CZ01,Heating Tertiary,7155,223.24200000000002
CZ01,Heating Tertiary,7156,225.59900000000002
CZ01,Heating Tertiary,7157,222.127
CZ01,Heating Tertiary,7158,209.65200000000002
CZ01,Heating Tertiary,7159,189.451
CZ01,Heating Tertiary,7160,165.834
CZ01,Heating Tertiary,7161,144.418
CZ01,Heating Tertiary,7162,127.694
CZ01,Heating Tertiary,7163,116.161
CZ01,Heating Tertiary,7164,107.506
CZ01,Heating Tertiary,7165,101.589
CZ01,Heating Tertiary,7166,98.8383
CZ01,Heating Tertiary,7167,98.8544
CZ01,Heating Tertiary,7168,99.9304
CZ01,Heating Tertiary,7169,100.28
CZ01,Heating Tertiary,7170,100.749
CZ01,Heating Tertiary,7171,102.92
CZ01,Heating Tertiary,7172,109.579
CZ01,Heating Tertiary,7173,122.913
CZ01,Heating Tertiary,7174,142.868
CZ01,Heating Tertiary,7175,166.615
CZ01,Heating Tertiary,7176,189.31099999999998
CZ01,Heating Tertiary,7177,159.84
CZ01,Heating Tertiary,7178,168.13099999999997
CZ01,Heating Tertiary,7179,172.40900000000005
CZ01,Heating Tertiary,7180,174.23
CZ01,Heating Tertiary,7181,171.548
CZ01,Heating Tertiary,7182,161.914
CZ01,Heating Tertiary,7183,146.312
CZ01,Heating Tertiary,7184,128.07399999999998
CZ01,Heating Tertiary,7185,111.53299999999999
CZ01,Heating Tertiary,7186,98.6179
CZ01,Heating Tertiary,7187,89.7112
CZ01,Heating Tertiary,7188,83.0267
CZ01,Heating Tertiary,7189,78.4574
CZ01,Heating Tertiary,7190,76.3324
CZ01,Heating Tertiary,7191,76.345
CZ01,Heating Tertiary,7192,77.1759
CZ01,Heating Tertiary,7193,77.4458
CZ01,Heating Tertiary,7194,77.8083
CZ01,Heating Tertiary,7195,79.4845
CZ01,Heating Tertiary,7196,84.62799999999999
CZ01,Heating Tertiary,7197,94.9255
CZ01,Heating Tertiary,7198,110.337
CZ01,Heating Tertiary,7199,128.67700000000002
CZ01,Heating Tertiary,7200,146.204
CZ01,Heating Tertiary,7201,235.202
CZ01,Heating Tertiary,7202,241.454
CZ01,Heating Tertiary,7203,243.93900000000002
CZ01,Heating Tertiary,7204,240.204
CZ01,Heating Tertiary,7205,227.972
CZ01,Heating Tertiary,7206,207.949
CZ01,Heating Tertiary,7207,183.83900000000003
CZ01,Heating Tertiary,7208,160.872
CZ01,Heating Tertiary,7209,142.975
CZ01,Heating Tertiary,7210,130.704
CZ01,Heating Tertiary,7211,121.315
CZ01,Heating Tertiary,7212,113.90799999999999
CZ01,Heating Tertiary,7213,109.78299999999999
CZ01,Heating Tertiary,7214,107.90100000000001
CZ01,Heating Tertiary,7215,107.12799999999999
CZ01,Heating Tertiary,7216,105.73200000000001
CZ01,Heating Tertiary,7217,105.13600000000001
CZ01,Heating Tertiary,7218,106.71799999999999
CZ01,Heating Tertiary,7219,112.961
CZ01,Heating Tertiary,7220,126.37299999999999
CZ01,Heating Tertiary,7221,146.73
CZ01,Heating Tertiary,7222,172.468
CZ01,Heating Tertiary,7223,199.303
CZ01,Heating Tertiary,7224,221.338
CZ01,Heating Tertiary,7225,159.84
CZ01,Heating Tertiary,7226,168.13099999999997
CZ01,Heating Tertiary,7227,172.40900000000005
CZ01,Heating Tertiary,7228,174.23
CZ01,Heating Tertiary,7229,171.548
CZ01,Heating Tertiary,7230,161.914
CZ01,Heating Tertiary,7231,146.312
CZ01,Heating Tertiary,7232,128.07399999999998
CZ01,Heating Tertiary,7233,111.53299999999999
CZ01,Heating Tertiary,7234,98.6179
CZ01,Heating Tertiary,7235,89.7112
CZ01,Heating Tertiary,7236,83.0267
CZ01,Heating Tertiary,7237,78.4574
CZ01,Heating Tertiary,7238,76.3324
CZ01,Heating Tertiary,7239,76.345
CZ01,Heating Tertiary,7240,77.1759
CZ01,Heating Tertiary,7241,77.4458
CZ01,Heating Tertiary,7242,77.8083
CZ01,Heating Tertiary,7243,79.4845
CZ01,Heating Tertiary,7244,84.62799999999999
CZ01,Heating Tertiary,7245,94.9255
CZ01,Heating Tertiary,7246,110.337
CZ01,Heating Tertiary,7247,128.67700000000002
CZ01,Heating Tertiary,7248,146.204
CZ01,Heating Tertiary,7249,176.56099999999995
CZ01,Heating Tertiary,7250,181.463
CZ01,Heating Tertiary,7251,184.296
CZ01,Heating Tertiary,7252,182.237
CZ01,Heating Tertiary,7253,172.93400000000003
CZ01,Heating Tertiary,7254,157.334
CZ01,Heating Tertiary,7255,138.637
CZ01,Heating Tertiary,7256,120.414
CZ01,Heating Tertiary,7257,105.671
CZ01,Heating Tertiary,7258,95.1436
CZ01,Heating Tertiary,7259,87.4389
CZ01,Heating Tertiary,7260,81.8943
CZ01,Heating Tertiary,7261,79.3107
CZ01,Heating Tertiary,7262,79.5092
CZ01,Heating Tertiary,7263,80.6307
CZ01,Heating Tertiary,7264,81.0242
CZ01,Heating Tertiary,7265,80.9218
CZ01,Heating Tertiary,7266,81.7349
CZ01,Heating Tertiary,7267,86.0734
CZ01,Heating Tertiary,7268,96.76799999999999
CZ01,Heating Tertiary,7269,113.77799999999999
CZ01,Heating Tertiary,7270,134.782
CZ01,Heating Tertiary,7271,154.023
CZ01,Heating Tertiary,7272,168.355
CZ01,Heating Tertiary,7273,216.445
CZ01,Heating Tertiary,7274,222.19799999999998
CZ01,Heating Tertiary,7275,224.486
CZ01,Heating Tertiary,7276,221.048
CZ01,Heating Tertiary,7277,209.792
CZ01,Heating Tertiary,7278,191.365
CZ01,Heating Tertiary,7279,169.178
CZ01,Heating Tertiary,7280,148.043
CZ01,Heating Tertiary,7281,131.57299999999998
CZ01,Heating Tertiary,7282,120.28
CZ01,Heating Tertiary,7283,111.641
CZ01,Heating Tertiary,7284,104.824
CZ01,Heating Tertiary,7285,101.02799999999999
CZ01,Heating Tertiary,7286,99.2963
CZ01,Heating Tertiary,7287,98.5845
CZ01,Heating Tertiary,7288,97.2996
CZ01,Heating Tertiary,7289,96.7518
CZ01,Heating Tertiary,7290,98.2071
CZ01,Heating Tertiary,7291,103.95200000000001
CZ01,Heating Tertiary,7292,116.295
CZ01,Heating Tertiary,7293,135.029
CZ01,Heating Tertiary,7294,158.714
CZ01,Heating Tertiary,7295,183.40900000000002
CZ01,Heating Tertiary,7296,203.687
CZ01,Heating Tertiary,7297,159.84
CZ01,Heating Tertiary,7298,168.13099999999997
CZ01,Heating Tertiary,7299,172.40900000000005
CZ01,Heating Tertiary,7300,174.23
CZ01,Heating Tertiary,7301,171.548
CZ01,Heating Tertiary,7302,161.914
CZ01,Heating Tertiary,7303,146.312
CZ01,Heating Tertiary,7304,128.07399999999998
CZ01,Heating Tertiary,7305,111.53299999999999
CZ01,Heating Tertiary,7306,98.6179
CZ01,Heating Tertiary,7307,89.7112
CZ01,Heating Tertiary,7308,83.0267
CZ01,Heating Tertiary,7309,78.4574
CZ01,Heating Tertiary,7310,76.3324
CZ01,Heating Tertiary,7311,76.345
CZ01,Heating Tertiary,7312,77.1759
CZ01,Heating Tertiary,7313,77.4458
CZ01,Heating Tertiary,7314,77.8083
CZ01,Heating Tertiary,7315,79.4845
CZ01,Heating Tertiary,7316,84.62799999999999
CZ01,Heating Tertiary,7317,94.9255
CZ01,Heating Tertiary,7318,110.337
CZ01,Heating Tertiary,7319,128.67700000000002
CZ01,Heating Tertiary,7320,146.204
CZ01,Heating Tertiary,7321,129.327
CZ01,Heating Tertiary,7322,136.035
CZ01,Heating Tertiary,7323,139.497
CZ01,Heating Tertiary,7324,140.97
CZ01,Heating Tertiary,7325,138.8
CZ01,Heating Tertiary,7326,131.005
CZ01,Heating Tertiary,7327,118.382
CZ01,Heating Tertiary,7328,103.625
CZ01,Heating Tertiary,7329,90.2423
CZ01,Heating Tertiary,7330,79.7923
CZ01,Heating Tertiary,7331,72.5859
CZ01,Heating Tertiary,7332,67.1771
CZ01,Heating Tertiary,7333,63.4801
CZ01,Heating Tertiary,7334,61.7608
CZ01,Heating Tertiary,7335,61.7711
CZ01,Heating Tertiary,7336,62.4432
CZ01,Heating Tertiary,7337,62.6618
CZ01,Heating Tertiary,7338,62.9547
CZ01,Heating Tertiary,7339,64.311
CZ01,Heating Tertiary,7340,68.4729
CZ01,Heating Tertiary,7341,76.8042
CZ01,Heating Tertiary,7342,89.2739
CZ01,Heating Tertiary,7343,104.113
CZ01,Heating Tertiary,7344,118.295
CZ01,Heating Tertiary,7345,145.398
CZ01,Heating Tertiary,7346,152.94
CZ01,Heating Tertiary,7347,156.832
CZ01,Heating Tertiary,7348,158.488
CZ01,Heating Tertiary,7349,156.048
CZ01,Heating Tertiary,7350,147.284
CZ01,Heating Tertiary,7351,133.093
CZ01,Heating Tertiary,7352,116.50200000000001
CZ01,Heating Tertiary,7353,101.456
CZ01,Heating Tertiary,7354,89.7071
CZ01,Heating Tertiary,7355,81.60600000000002
CZ01,Heating Tertiary,7356,75.5251
CZ01,Heating Tertiary,7357,71.3683
CZ01,Heating Tertiary,7358,69.4355
CZ01,Heating Tertiary,7359,69.4471
CZ01,Heating Tertiary,7360,70.2031
CZ01,Heating Tertiary,7361,70.4488
CZ01,Heating Tertiary,7362,70.778
CZ01,Heating Tertiary,7363,72.3028
CZ01,Heating Tertiary,7364,76.9814
CZ01,Heating Tertiary,7365,86.3485
CZ01,Heating Tertiary,7366,100.367
CZ01,Heating Tertiary,7367,117.05
CZ01,Heating Tertiary,7368,132.994
CZ01,Heating Tertiary,7369,98.3797
CZ01,Heating Tertiary,7370,103.48299999999999
CZ01,Heating Tertiary,7371,106.116
CZ01,Heating Tertiary,7372,107.236
CZ01,Heating Tertiary,7373,105.586
CZ01,Heating Tertiary,7374,99.6559
CZ01,Heating Tertiary,7375,90.0535
CZ01,Heating Tertiary,7376,78.8279
CZ01,Heating Tertiary,7377,68.6478
CZ01,Heating Tertiary,7378,60.698
CZ01,Heating Tertiary,7379,55.2164
CZ01,Heating Tertiary,7380,51.102
CZ01,Heating Tertiary,7381,48.2896
CZ01,Heating Tertiary,7382,46.9818
CZ01,Heating Tertiary,7383,46.9895
CZ01,Heating Tertiary,7384,47.50100000000001
CZ01,Heating Tertiary,7385,47.6672
CZ01,Heating Tertiary,7386,47.8902
CZ01,Heating Tertiary,7387,48.9219
CZ01,Heating Tertiary,7388,52.0875
CZ01,Heating Tertiary,7389,58.4257
CZ01,Heating Tertiary,7390,67.9113
CZ01,Heating Tertiary,7391,79.1991
CZ01,Heating Tertiary,7392,89.9874
CZ01,Heating Tertiary,7393,33.8792
CZ01,Heating Tertiary,7394,35.6364
CZ01,Heating Tertiary,7395,36.5433
CZ01,Heating Tertiary,7396,36.9292
CZ01,Heating Tertiary,7397,36.3607
CZ01,Heating Tertiary,7398,34.3187
CZ01,Heating Tertiary,7399,31.0119
CZ01,Heating Tertiary,7400,27.146
CZ01,Heating Tertiary,7401,23.6403
CZ01,Heating Tertiary,7402,20.9027
CZ01,Heating Tertiary,7403,19.0149
CZ01,Heating Tertiary,7404,17.5981
CZ01,Heating Tertiary,7405,16.6295
CZ01,Heating Tertiary,7406,16.1792
CZ01,Heating Tertiary,7407,16.1818
CZ01,Heating Tertiary,7408,16.358
CZ01,Heating Tertiary,7409,16.4152
CZ01,Heating Tertiary,7410,16.492
CZ01,Heating Tertiary,7411,16.8473
CZ01,Heating Tertiary,7412,17.9374
CZ01,Heating Tertiary,7413,20.12
CZ01,Heating Tertiary,7414,23.3866
CZ01,Heating Tertiary,7415,27.2739
CZ01,Heating Tertiary,7416,30.989
CZ01,Heating Tertiary,7417,59.0138
CZ01,Heating Tertiary,7418,60.652
CZ01,Heating Tertiary,7419,61.5991
CZ01,Heating Tertiary,7420,60.9109
CZ01,Heating Tertiary,7421,57.8014
CZ01,Heating Tertiary,7422,52.586999999999996
CZ01,Heating Tertiary,7423,46.3381
CZ01,Heating Tertiary,7424,40.2469
CZ01,Heating Tertiary,7425,35.3194
CZ01,Heating Tertiary,7426,31.8008
CZ01,Heating Tertiary,7427,29.2255
CZ01,Heating Tertiary,7428,27.3722
CZ01,Heating Tertiary,7429,26.5087
CZ01,Heating Tertiary,7430,26.5751
CZ01,Heating Tertiary,7431,26.95
CZ01,Heating Tertiary,7432,27.0815
CZ01,Heating Tertiary,7433,27.0472
CZ01,Heating Tertiary,7434,27.31900000000001
CZ01,Heating Tertiary,7435,28.7692
CZ01,Heating Tertiary,7436,32.3436
CZ01,Heating Tertiary,7437,38.0291
CZ01,Heating Tertiary,7438,45.0496
CZ01,Heating Tertiary,7439,51.4805
CZ01,Heating Tertiary,7440,56.2709
CZ01,Heating Tertiary,7441,111.801
CZ01,Heating Tertiary,7442,114.773
CZ01,Heating Tertiary,7443,115.954
CZ01,Heating Tertiary,7444,114.179
CZ01,Heating Tertiary,7445,108.36399999999999
CZ01,Heating Tertiary,7446,98.8469
CZ01,Heating Tertiary,7447,87.3859
CZ01,Heating Tertiary,7448,76.4693
CZ01,Heating Tertiary,7449,67.9619
CZ01,Heating Tertiary,7450,62.1284
CZ01,Heating Tertiary,7451,57.6662
CZ01,Heating Tertiary,7452,54.1452
CZ01,Heating Tertiary,7453,52.1843
CZ01,Heating Tertiary,7454,51.2897
CZ01,Heating Tertiary,7455,50.9223
CZ01,Heating Tertiary,7456,50.2586
CZ01,Heating Tertiary,7457,49.9755
CZ01,Heating Tertiary,7458,50.7273
CZ01,Heating Tertiary,7459,53.695
CZ01,Heating Tertiary,7460,60.0702
CZ01,Heating Tertiary,7461,69.7468
CZ01,Heating Tertiary,7462,81.9811
CZ01,Heating Tertiary,7463,94.7368
CZ01,Heating Tertiary,7464,105.211
CZ01,Heating Tertiary,7465,159.84
CZ01,Heating Tertiary,7466,168.13099999999997
CZ01,Heating Tertiary,7467,172.40900000000005
CZ01,Heating Tertiary,7468,174.23
CZ01,Heating Tertiary,7469,171.548
CZ01,Heating Tertiary,7470,161.914
CZ01,Heating Tertiary,7471,146.312
CZ01,Heating Tertiary,7472,128.07399999999998
CZ01,Heating Tertiary,7473,111.53299999999999
CZ01,Heating Tertiary,7474,98.6179
CZ01,Heating Tertiary,7475,89.7112
CZ01,Heating Tertiary,7476,83.0267
CZ01,Heating Tertiary,7477,78.4574
CZ01,Heating Tertiary,7478,76.3324
CZ01,Heating Tertiary,7479,76.345
CZ01,Heating Tertiary,7480,77.1759
CZ01,Heating Tertiary,7481,77.4458
CZ01,Heating Tertiary,7482,77.8083
CZ01,Heating Tertiary,7483,79.4845
CZ01,Heating Tertiary,7484,84.62799999999999
CZ01,Heating Tertiary,7485,94.9255
CZ01,Heating Tertiary,7486,110.337
CZ01,Heating Tertiary,7487,128.67700000000002
CZ01,Heating Tertiary,7488,146.204
CZ01,Heating Tertiary,7489,190.46200000000002
CZ01,Heating Tertiary,7490,200.34099999999998
CZ01,Heating Tertiary,7491,205.43900000000002
CZ01,Heating Tertiary,7492,207.608
CZ01,Heating Tertiary,7493,204.41299999999998
CZ01,Heating Tertiary,7494,192.93200000000002
CZ01,Heating Tertiary,7495,174.343
CZ01,Heating Tertiary,7496,152.609
CZ01,Heating Tertiary,7497,132.901
CZ01,Heating Tertiary,7498,117.51100000000001
CZ01,Heating Tertiary,7499,106.898
CZ01,Heating Tertiary,7500,98.9326
CZ01,Heating Tertiary,7501,93.4876
CZ01,Heating Tertiary,7502,90.9558
CZ01,Heating Tertiary,7503,90.9707
CZ01,Heating Tertiary,7504,91.961
CZ01,Heating Tertiary,7505,92.2827
CZ01,Heating Tertiary,7506,92.7148
CZ01,Heating Tertiary,7507,94.712
CZ01,Heating Tertiary,7508,100.84100000000001
CZ01,Heating Tertiary,7509,113.111
CZ01,Heating Tertiary,7510,131.475
CZ01,Heating Tertiary,7511,153.328
CZ01,Heating Tertiary,7512,174.21400000000003
CZ01,Heating Tertiary,7513,190.46200000000002
CZ01,Heating Tertiary,7514,200.34099999999998
CZ01,Heating Tertiary,7515,205.43900000000002
CZ01,Heating Tertiary,7516,207.608
CZ01,Heating Tertiary,7517,204.41299999999998
CZ01,Heating Tertiary,7518,192.93200000000002
CZ01,Heating Tertiary,7519,174.343
CZ01,Heating Tertiary,7520,152.609
CZ01,Heating Tertiary,7521,132.901
CZ01,Heating Tertiary,7522,117.51100000000001
CZ01,Heating Tertiary,7523,106.898
CZ01,Heating Tertiary,7524,98.9326
CZ01,Heating Tertiary,7525,93.4876
CZ01,Heating Tertiary,7526,90.9558
CZ01,Heating Tertiary,7527,90.9707
CZ01,Heating Tertiary,7528,91.961
CZ01,Heating Tertiary,7529,92.2827
CZ01,Heating Tertiary,7530,92.7148
CZ01,Heating Tertiary,7531,94.712
CZ01,Heating Tertiary,7532,100.84100000000001
CZ01,Heating Tertiary,7533,113.111
CZ01,Heating Tertiary,7534,131.475
CZ01,Heating Tertiary,7535,153.328
CZ01,Heating Tertiary,7536,174.21400000000003
CZ01,Heating Tertiary,7537,206.967
CZ01,Heating Tertiary,7538,217.702
CZ01,Heating Tertiary,7539,223.24200000000002
CZ01,Heating Tertiary,7540,225.59900000000002
CZ01,Heating Tertiary,7541,222.127
CZ01,Heating Tertiary,7542,209.65200000000002
CZ01,Heating Tertiary,7543,189.451
CZ01,Heating Tertiary,7544,165.834
CZ01,Heating Tertiary,7545,144.418
CZ01,Heating Tertiary,7546,127.694
CZ01,Heating Tertiary,7547,116.161
CZ01,Heating Tertiary,7548,107.506
CZ01,Heating Tertiary,7549,101.589
CZ01,Heating Tertiary,7550,98.8383
CZ01,Heating Tertiary,7551,98.8544
CZ01,Heating Tertiary,7552,99.9304
CZ01,Heating Tertiary,7553,100.28
CZ01,Heating Tertiary,7554,100.749
CZ01,Heating Tertiary,7555,102.92
CZ01,Heating Tertiary,7556,109.579
CZ01,Heating Tertiary,7557,122.913
CZ01,Heating Tertiary,7558,142.868
CZ01,Heating Tertiary,7559,166.615
CZ01,Heating Tertiary,7560,189.31099999999998
CZ01,Heating Tertiary,7561,175.042
CZ01,Heating Tertiary,7562,184.122
CZ01,Heating Tertiary,7563,188.80700000000002
CZ01,Heating Tertiary,7564,190.8
CZ01,Heating Tertiary,7565,187.864
CZ01,Heating Tertiary,7566,177.313
CZ01,Heating Tertiary,7567,160.22799999999995
CZ01,Heating Tertiary,7568,140.254
CZ01,Heating Tertiary,7569,122.14200000000001
CZ01,Heating Tertiary,7570,107.99700000000001
CZ01,Heating Tertiary,7571,98.2439
CZ01,Heating Tertiary,7572,90.9236
CZ01,Heating Tertiary,7573,85.9192
CZ01,Heating Tertiary,7574,83.5923
CZ01,Heating Tertiary,7575,83.6061
CZ01,Heating Tertiary,7576,84.5164
CZ01,Heating Tertiary,7577,84.8116
CZ01,Heating Tertiary,7578,85.2086
CZ01,Heating Tertiary,7579,87.0442
CZ01,Heating Tertiary,7580,92.6768
CZ01,Heating Tertiary,7581,103.954
CZ01,Heating Tertiary,7582,120.831
CZ01,Heating Tertiary,7583,140.915
CZ01,Heating Tertiary,7584,160.109
CZ01,Heating Tertiary,7585,125.584
CZ01,Heating Tertiary,7586,129.07
CZ01,Heating Tertiary,7587,131.086
CZ01,Heating Tertiary,7588,129.621
CZ01,Heating Tertiary,7589,123.00399999999999
CZ01,Heating Tertiary,7590,111.90799999999999
CZ01,Heating Tertiary,7591,98.6098
CZ01,Heating Tertiary,7592,85.6476
CZ01,Heating Tertiary,7593,75.1614
CZ01,Heating Tertiary,7594,67.6736
CZ01,Heating Tertiary,7595,62.1935
CZ01,Heating Tertiary,7596,58.2496
CZ01,Heating Tertiary,7597,56.4119
CZ01,Heating Tertiary,7598,56.553000000000004
CZ01,Heating Tertiary,7599,57.351000000000006
CZ01,Heating Tertiary,7600,57.6311
CZ01,Heating Tertiary,7601,57.558
CZ01,Heating Tertiary,7602,58.1363
CZ01,Heating Tertiary,7603,61.2222
CZ01,Heating Tertiary,7604,68.8291
CZ01,Heating Tertiary,7605,80.9276
CZ01,Heating Tertiary,7606,95.8674
CZ01,Heating Tertiary,7607,109.553
CZ01,Heating Tertiary,7608,119.74700000000001
CZ01,Heating Tertiary,7609,38.5011
CZ01,Heating Tertiary,7610,39.5244
CZ01,Heating Tertiary,7611,39.9313
CZ01,Heating Tertiary,7612,39.3199
CZ01,Heating Tertiary,7613,37.3175
CZ01,Heating Tertiary,7614,34.0399
CZ01,Heating Tertiary,7615,30.0932
CZ01,Heating Tertiary,7616,26.3337
CZ01,Heating Tertiary,7617,23.4042
CZ01,Heating Tertiary,7618,21.3953
CZ01,Heating Tertiary,7619,19.8586
CZ01,Heating Tertiary,7620,18.646
CZ01,Heating Tertiary,7621,17.9708
CZ01,Heating Tertiary,7622,17.6627
CZ01,Heating Tertiary,7623,17.5362
CZ01,Heating Tertiary,7624,17.3076
CZ01,Heating Tertiary,7625,17.2101
CZ01,Heating Tertiary,7626,17.469
CZ01,Heating Tertiary,7627,18.491
CZ01,Heating Tertiary,7628,20.6865
CZ01,Heating Tertiary,7629,24.0188
CZ01,Heating Tertiary,7630,28.2319
CZ01,Heating Tertiary,7631,32.6246
CZ01,Heating Tertiary,7632,36.2316
CZ01,Heating Tertiary,7633,83.3949
CZ01,Heating Tertiary,7634,87.7203
CZ01,Heating Tertiary,7635,89.9528
CZ01,Heating Tertiary,7636,90.9028
CZ01,Heating Tertiary,7637,89.5034
CZ01,Heating Tertiary,7638,84.4767
CZ01,Heating Tertiary,7639,76.337
CZ01,Heating Tertiary,7640,66.8209
CZ01,Heating Tertiary,7641,58.1915
CZ01,Heating Tertiary,7642,51.4528
CZ01,Heating Tertiary,7643,46.806000000000004
CZ01,Heating Tertiary,7644,43.3183
CZ01,Heating Tertiary,7645,40.9342
CZ01,Heating Tertiary,7646,39.8256
CZ01,Heating Tertiary,7647,39.8322
CZ01,Heating Tertiary,7648,40.2658
CZ01,Heating Tertiary,7649,40.4066
CZ01,Heating Tertiary,7650,40.5957
CZ01,Heating Tertiary,7651,41.4702
CZ01,Heating Tertiary,7652,44.1536
CZ01,Heating Tertiary,7653,49.5263
CZ01,Heating Tertiary,7654,57.5672
CZ01,Heating Tertiary,7655,67.1356
CZ01,Heating Tertiary,7656,76.2806
CZ01,Heating Tertiary,7657,129.327
CZ01,Heating Tertiary,7658,136.035
CZ01,Heating Tertiary,7659,139.497
CZ01,Heating Tertiary,7660,140.97
CZ01,Heating Tertiary,7661,138.8
CZ01,Heating Tertiary,7662,131.005
CZ01,Heating Tertiary,7663,118.382
CZ01,Heating Tertiary,7664,103.625
CZ01,Heating Tertiary,7665,90.2423
CZ01,Heating Tertiary,7666,79.7923
CZ01,Heating Tertiary,7667,72.5859
CZ01,Heating Tertiary,7668,67.1771
CZ01,Heating Tertiary,7669,63.4801
CZ01,Heating Tertiary,7670,61.7608
CZ01,Heating Tertiary,7671,61.7711
CZ01,Heating Tertiary,7672,62.4432
CZ01,Heating Tertiary,7673,62.6618
CZ01,Heating Tertiary,7674,62.9547
CZ01,Heating Tertiary,7675,64.311
CZ01,Heating Tertiary,7676,68.4729
CZ01,Heating Tertiary,7677,76.8042
CZ01,Heating Tertiary,7678,89.2739
CZ01,Heating Tertiary,7679,104.113
CZ01,Heating Tertiary,7680,118.295
CZ01,Heating Tertiary,7681,181.646
CZ01,Heating Tertiary,7682,186.47400000000002
CZ01,Heating Tertiary,7683,188.394
CZ01,Heating Tertiary,7684,185.50900000000001
CZ01,Heating Tertiary,7685,176.062
CZ01,Heating Tertiary,7686,160.599
CZ01,Heating Tertiary,7687,141.97799999999995
CZ01,Heating Tertiary,7688,124.241
CZ01,Heating Tertiary,7689,110.419
CZ01,Heating Tertiary,7690,100.94200000000001
CZ01,Heating Tertiary,7691,93.6918
CZ01,Heating Tertiary,7692,87.9711
CZ01,Heating Tertiary,7693,84.7851
CZ01,Heating Tertiary,7694,83.3316
CZ01,Heating Tertiary,7695,82.7349
CZ01,Heating Tertiary,7696,81.6566
CZ01,Heating Tertiary,7697,81.1963
CZ01,Heating Tertiary,7698,82.4179
CZ01,Heating Tertiary,7699,87.2398
CZ01,Heating Tertiary,7700,97.5977
CZ01,Heating Tertiary,7701,113.319
CZ01,Heating Tertiary,7702,133.196
CZ01,Heating Tertiary,7703,153.921
CZ01,Heating Tertiary,7704,170.93900000000005
CZ01,Heating Tertiary,7705,175.042
CZ01,Heating Tertiary,7706,184.122
CZ01,Heating Tertiary,7707,188.80700000000002
CZ01,Heating Tertiary,7708,190.8
CZ01,Heating Tertiary,7709,187.864
CZ01,Heating Tertiary,7710,177.313
CZ01,Heating Tertiary,7711,160.22799999999995
CZ01,Heating Tertiary,7712,140.254
CZ01,Heating Tertiary,7713,122.14200000000001
CZ01,Heating Tertiary,7714,107.99700000000001
CZ01,Heating Tertiary,7715,98.2439
CZ01,Heating Tertiary,7716,90.9236
CZ01,Heating Tertiary,7717,85.9192
CZ01,Heating Tertiary,7718,83.5923
CZ01,Heating Tertiary,7719,83.6061
CZ01,Heating Tertiary,7720,84.5164
CZ01,Heating Tertiary,7721,84.8116
CZ01,Heating Tertiary,7722,85.2086
CZ01,Heating Tertiary,7723,87.0442
CZ01,Heating Tertiary,7724,92.6768
CZ01,Heating Tertiary,7725,103.954
CZ01,Heating Tertiary,7726,120.831
CZ01,Heating Tertiary,7727,140.915
CZ01,Heating Tertiary,7728,160.109
CZ01,Heating Tertiary,7729,175.042
CZ01,Heating Tertiary,7730,184.122
CZ01,Heating Tertiary,7731,188.80700000000002
CZ01,Heating Tertiary,7732,190.8
CZ01,Heating Tertiary,7733,187.864
CZ01,Heating Tertiary,7734,177.313
CZ01,Heating Tertiary,7735,160.22799999999995
CZ01,Heating Tertiary,7736,140.254
CZ01,Heating Tertiary,7737,122.14200000000001
CZ01,Heating Tertiary,7738,107.99700000000001
CZ01,Heating Tertiary,7739,98.2439
CZ01,Heating Tertiary,7740,90.9236
CZ01,Heating Tertiary,7741,85.9192
CZ01,Heating Tertiary,7742,83.5923
CZ01,Heating Tertiary,7743,83.6061
CZ01,Heating Tertiary,7744,84.5164
CZ01,Heating Tertiary,7745,84.8116
CZ01,Heating Tertiary,7746,85.2086
CZ01,Heating Tertiary,7747,87.0442
CZ01,Heating Tertiary,7748,92.6768
CZ01,Heating Tertiary,7749,103.954
CZ01,Heating Tertiary,7750,120.831
CZ01,Heating Tertiary,7751,140.915
CZ01,Heating Tertiary,7752,160.109
CZ01,Heating Tertiary,7753,228.61900000000003
CZ01,Heating Tertiary,7754,234.965
CZ01,Heating Tertiary,7755,238.63299999999998
CZ01,Heating Tertiary,7756,235.968
CZ01,Heating Tertiary,7757,223.921
CZ01,Heating Tertiary,7758,203.72099999999998
CZ01,Heating Tertiary,7759,179.513
CZ01,Heating Tertiary,7760,155.916
CZ01,Heating Tertiary,7761,136.827
CZ01,Heating Tertiary,7762,123.196
CZ01,Heating Tertiary,7763,113.219
CZ01,Heating Tertiary,7764,106.039
CZ01,Heating Tertiary,7765,102.695
CZ01,Heating Tertiary,7766,102.95100000000001
CZ01,Heating Tertiary,7767,104.404
CZ01,Heating Tertiary,7768,104.913
CZ01,Heating Tertiary,7769,104.781
CZ01,Heating Tertiary,7770,105.834
CZ01,Heating Tertiary,7771,111.45100000000001
CZ01,Heating Tertiary,7772,125.29899999999999
CZ01,Heating Tertiary,7773,147.32399999999996
CZ01,Heating Tertiary,7774,174.521
CZ01,Heating Tertiary,7775,199.435
CZ01,Heating Tertiary,7776,217.99200000000002
CZ01,Heating Tertiary,7777,235.202
CZ01,Heating Tertiary,7778,241.454
CZ01,Heating Tertiary,7779,243.93900000000002
CZ01,Heating Tertiary,7780,240.204
CZ01,Heating Tertiary,7781,227.972
CZ01,Heating Tertiary,7782,207.949
CZ01,Heating Tertiary,7783,183.83900000000003
CZ01,Heating Tertiary,7784,160.872
CZ01,Heating Tertiary,7785,142.975
CZ01,Heating Tertiary,7786,130.704
CZ01,Heating Tertiary,7787,121.315
CZ01,Heating Tertiary,7788,113.90799999999999
CZ01,Heating Tertiary,7789,109.78299999999999
CZ01,Heating Tertiary,7790,107.90100000000001
CZ01,Heating Tertiary,7791,107.12799999999999
CZ01,Heating Tertiary,7792,105.73200000000001
CZ01,Heating Tertiary,7793,105.13600000000001
CZ01,Heating Tertiary,7794,106.71799999999999
CZ01,Heating Tertiary,7795,112.961
CZ01,Heating Tertiary,7796,126.37299999999999
CZ01,Heating Tertiary,7797,146.73
CZ01,Heating Tertiary,7798,172.468
CZ01,Heating Tertiary,7799,199.303
CZ01,Heating Tertiary,7800,221.338
CZ01,Heating Tertiary,7801,190.46200000000002
CZ01,Heating Tertiary,7802,200.34099999999998
CZ01,Heating Tertiary,7803,205.43900000000002
CZ01,Heating Tertiary,7804,207.608
CZ01,Heating Tertiary,7805,204.41299999999998
CZ01,Heating Tertiary,7806,192.93200000000002
CZ01,Heating Tertiary,7807,174.343
CZ01,Heating Tertiary,7808,152.609
CZ01,Heating Tertiary,7809,132.901
CZ01,Heating Tertiary,7810,117.51100000000001
CZ01,Heating Tertiary,7811,106.898
CZ01,Heating Tertiary,7812,98.9326
CZ01,Heating Tertiary,7813,93.4876
CZ01,Heating Tertiary,7814,90.9558
CZ01,Heating Tertiary,7815,90.9707
CZ01,Heating Tertiary,7816,91.961
CZ01,Heating Tertiary,7817,92.2827
CZ01,Heating Tertiary,7818,92.7148
CZ01,Heating Tertiary,7819,94.712
CZ01,Heating Tertiary,7820,100.84100000000001
CZ01,Heating Tertiary,7821,113.111
CZ01,Heating Tertiary,7822,131.475
CZ01,Heating Tertiary,7823,153.328
CZ01,Heating Tertiary,7824,174.21400000000003
CZ01,Heating Tertiary,7825,159.84
CZ01,Heating Tertiary,7826,168.13099999999997
CZ01,Heating Tertiary,7827,172.40900000000005
CZ01,Heating Tertiary,7828,174.23
CZ01,Heating Tertiary,7829,171.548
CZ01,Heating Tertiary,7830,161.914
CZ01,Heating Tertiary,7831,146.312
CZ01,Heating Tertiary,7832,128.07399999999998
CZ01,Heating Tertiary,7833,111.53299999999999
CZ01,Heating Tertiary,7834,98.6179
CZ01,Heating Tertiary,7835,89.7112
CZ01,Heating Tertiary,7836,83.0267
CZ01,Heating Tertiary,7837,78.4574
CZ01,Heating Tertiary,7838,76.3324
CZ01,Heating Tertiary,7839,76.345
CZ01,Heating Tertiary,7840,77.1759
CZ01,Heating Tertiary,7841,77.4458
CZ01,Heating Tertiary,7842,77.8083
CZ01,Heating Tertiary,7843,79.4845
CZ01,Heating Tertiary,7844,84.62799999999999
CZ01,Heating Tertiary,7845,94.9255
CZ01,Heating Tertiary,7846,110.337
CZ01,Heating Tertiary,7847,128.67700000000002
CZ01,Heating Tertiary,7848,146.204
CZ01,Heating Tertiary,7849,224.34099999999998
CZ01,Heating Tertiary,7850,235.977
CZ01,Heating Tertiary,7851,241.982
CZ01,Heating Tertiary,7852,244.537
CZ01,Heating Tertiary,7853,240.773
CZ01,Heating Tertiary,7854,227.25099999999998
CZ01,Heating Tertiary,7855,205.354
CZ01,Heating Tertiary,7856,179.755
CZ01,Heating Tertiary,7857,156.541
CZ01,Heating Tertiary,7858,138.414
CZ01,Heating Tertiary,7859,125.913
CZ01,Heating Tertiary,7860,116.531
CZ01,Heating Tertiary,7861,110.117
CZ01,Heating Tertiary,7862,107.135
CZ01,Heating Tertiary,7863,107.15299999999999
CZ01,Heating Tertiary,7864,108.319
CZ01,Heating Tertiary,7865,108.698
CZ01,Heating Tertiary,7866,109.20700000000001
CZ01,Heating Tertiary,7867,111.559
CZ01,Heating Tertiary,7868,118.77799999999999
CZ01,Heating Tertiary,7869,133.231
CZ01,Heating Tertiary,7870,154.861
CZ01,Heating Tertiary,7871,180.602
CZ01,Heating Tertiary,7872,205.202
CZ01,Heating Tertiary,7873,242.90900000000002
CZ01,Heating Tertiary,7874,255.50799999999998
CZ01,Heating Tertiary,7875,262.01099999999997
CZ01,Heating Tertiary,7876,264.777
CZ01,Heating Tertiary,7877,260.702
CZ01,Heating Tertiary,7878,246.06
CZ01,Heating Tertiary,7879,222.351
CZ01,Heating Tertiary,7880,194.63299999999998
CZ01,Heating Tertiary,7881,169.498
CZ01,Heating Tertiary,7882,149.869
CZ01,Heating Tertiary,7883,136.335
CZ01,Heating Tertiary,7884,126.176
CZ01,Heating Tertiary,7885,119.23100000000001
CZ01,Heating Tertiary,7886,116.00299999999999
CZ01,Heating Tertiary,7887,116.022
CZ01,Heating Tertiary,7888,117.285
CZ01,Heating Tertiary,7889,117.695
CZ01,Heating Tertiary,7890,118.24600000000001
CZ01,Heating Tertiary,7891,120.79299999999999
CZ01,Heating Tertiary,7892,128.609
CZ01,Heating Tertiary,7893,144.25799999999995
CZ01,Heating Tertiary,7894,167.679
CZ01,Heating Tertiary,7895,195.55
CZ01,Heating Tertiary,7896,222.187
CZ01,Heating Tertiary,7897,261.91200000000003
CZ01,Heating Tertiary,7898,275.497
CZ01,Heating Tertiary,7899,282.508
CZ01,Heating Tertiary,7900,285.491
CZ01,Heating Tertiary,7901,281.097
CZ01,Heating Tertiary,7902,265.31
CZ01,Heating Tertiary,7903,239.74599999999998
CZ01,Heating Tertiary,7904,209.859
CZ01,Heating Tertiary,7905,182.75799999999998
CZ01,Heating Tertiary,7906,161.594
CZ01,Heating Tertiary,7907,147.0
CZ01,Heating Tertiary,7908,136.046
CZ01,Heating Tertiary,7909,128.559
CZ01,Heating Tertiary,7910,125.07700000000001
CZ01,Heating Tertiary,7911,125.098
CZ01,Heating Tertiary,7912,126.46
CZ01,Heating Tertiary,7913,126.902
CZ01,Heating Tertiary,7914,127.49600000000001
CZ01,Heating Tertiary,7915,130.24200000000002
CZ01,Heating Tertiary,7916,138.67
CZ01,Heating Tertiary,7917,155.54399999999995
CZ01,Heating Tertiary,7918,180.796
CZ01,Heating Tertiary,7919,210.84799999999998
CZ01,Heating Tertiary,7920,239.56900000000002
CZ01,Heating Tertiary,7921,308.983
CZ01,Heating Tertiary,7922,317.56
CZ01,Heating Tertiary,7923,322.518
CZ01,Heating Tertiary,7924,318.915
CZ01,Heating Tertiary,7925,302.634
CZ01,Heating Tertiary,7926,275.334
CZ01,Heating Tertiary,7927,242.615
CZ01,Heating Tertiary,7928,210.72400000000002
CZ01,Heating Tertiary,7929,184.924
CZ01,Heating Tertiary,7930,166.502
CZ01,Heating Tertiary,7931,153.018
CZ01,Heating Tertiary,7932,143.314
CZ01,Heating Tertiary,7933,138.79399999999998
CZ01,Heating Tertiary,7934,139.141
CZ01,Heating Tertiary,7935,141.10399999999996
CZ01,Heating Tertiary,7936,141.793
CZ01,Heating Tertiary,7937,141.613
CZ01,Heating Tertiary,7938,143.036
CZ01,Heating Tertiary,7939,150.629
CZ01,Heating Tertiary,7940,169.34400000000005
CZ01,Heating Tertiary,7941,199.112
CZ01,Heating Tertiary,7942,235.86900000000003
CZ01,Heating Tertiary,7943,269.54
CZ01,Heating Tertiary,7944,294.621
CZ01,Heating Tertiary,7945,380.815
CZ01,Heating Tertiary,7946,390.93699999999995
CZ01,Heating Tertiary,7947,394.962
CZ01,Heating Tertiary,7948,388.914
CZ01,Heating Tertiary,7949,369.10900000000004
CZ01,Heating Tertiary,7950,336.69
CZ01,Heating Tertiary,7951,297.652
CZ01,Heating Tertiary,7952,260.468
CZ01,Heating Tertiary,7953,231.49099999999999
CZ01,Heating Tertiary,7954,211.622
CZ01,Heating Tertiary,7955,196.422
CZ01,Heating Tertiary,7956,184.428
CZ01,Heating Tertiary,7957,177.74900000000005
CZ01,Heating Tertiary,7958,174.702
CZ01,Heating Tertiary,7959,173.451
CZ01,Heating Tertiary,7960,171.19
CZ01,Heating Tertiary,7961,170.226
CZ01,Heating Tertiary,7962,172.78599999999997
CZ01,Heating Tertiary,7963,182.895
CZ01,Heating Tertiary,7964,204.611
CZ01,Heating Tertiary,7965,237.57
CZ01,Heating Tertiary,7966,279.242
CZ01,Heating Tertiary,7967,322.69
CZ01,Heating Tertiary,7968,358.36800000000005
CZ01,Heating Tertiary,7969,314.903
CZ01,Heating Tertiary,7970,331.236
CZ01,Heating Tertiary,7971,339.665
CZ01,Heating Tertiary,7972,343.2519999999999
CZ01,Heating Tertiary,7973,337.968
CZ01,Heating Tertiary,7974,318.987
CZ01,Heating Tertiary,7975,288.251
CZ01,Heating Tertiary,7976,252.31799999999998
CZ01,Heating Tertiary,7977,219.734
CZ01,Heating Tertiary,7978,194.28799999999998
CZ01,Heating Tertiary,7979,176.74200000000005
CZ01,Heating Tertiary,7980,163.572
CZ01,Heating Tertiary,7981,154.569
CZ01,Heating Tertiary,7982,150.38299999999995
CZ01,Heating Tertiary,7983,150.408
CZ01,Heating Tertiary,7984,152.045
CZ01,Heating Tertiary,7985,152.577
CZ01,Heating Tertiary,7986,153.291
CZ01,Heating Tertiary,7987,156.593
CZ01,Heating Tertiary,7988,166.726
CZ01,Heating Tertiary,7989,187.013
CZ01,Heating Tertiary,7990,217.375
CZ01,Heating Tertiary,7991,253.50799999999998
CZ01,Heating Tertiary,7992,288.039
CZ01,Heating Tertiary,7993,314.903
CZ01,Heating Tertiary,7994,331.236
CZ01,Heating Tertiary,7995,339.665
CZ01,Heating Tertiary,7996,343.2519999999999
CZ01,Heating Tertiary,7997,337.968
CZ01,Heating Tertiary,7998,318.987
CZ01,Heating Tertiary,7999,288.251
CZ01,Heating Tertiary,8000,252.31799999999998
CZ01,Heating Tertiary,8001,219.734
CZ01,Heating Tertiary,8002,194.28799999999998
CZ01,Heating Tertiary,8003,176.74200000000005
CZ01,Heating Tertiary,8004,163.572
CZ01,Heating Tertiary,8005,154.569
CZ01,Heating Tertiary,8006,150.38299999999995
CZ01,Heating Tertiary,8007,150.408
CZ01,Heating Tertiary,8008,152.045
CZ01,Heating Tertiary,8009,152.577
CZ01,Heating Tertiary,8010,153.291
CZ01,Heating Tertiary,8011,156.593
CZ01,Heating Tertiary,8012,166.726
CZ01,Heating Tertiary,8013,187.013
CZ01,Heating Tertiary,8014,217.375
CZ01,Heating Tertiary,8015,253.50799999999998
CZ01,Heating Tertiary,8016,288.039
CZ01,Heating Tertiary,8017,466.925
CZ01,Heating Tertiary,8018,491.14300000000003
CZ01,Heating Tertiary,8019,503.642
CZ01,Heating Tertiary,8020,508.96
CZ01,Heating Tertiary,8021,501.126
CZ01,Heating Tertiary,8022,472.98199999999997
CZ01,Heating Tertiary,8023,427.407
CZ01,Heating Tertiary,8024,374.12699999999995
CZ01,Heating Tertiary,8025,325.812
CZ01,Heating Tertiary,8026,288.082
CZ01,Heating Tertiary,8027,262.065
CZ01,Heating Tertiary,8028,242.537
CZ01,Heating Tertiary,8029,229.18900000000002
CZ01,Heating Tertiary,8030,222.982
CZ01,Heating Tertiary,8031,223.019
CZ01,Heating Tertiary,8032,225.446
CZ01,Heating Tertiary,8033,226.235
CZ01,Heating Tertiary,8034,227.293
CZ01,Heating Tertiary,8035,232.19
CZ01,Heating Tertiary,8036,247.215
CZ01,Heating Tertiary,8037,277.296
CZ01,Heating Tertiary,8038,322.315
CZ01,Heating Tertiary,8039,375.89099999999996
CZ01,Heating Tertiary,8040,427.091
CZ01,Heating Tertiary,8041,420.88300000000004
CZ01,Heating Tertiary,8042,442.714
CZ01,Heating Tertiary,8043,453.98
CZ01,Heating Tertiary,8044,458.774
CZ01,Heating Tertiary,8045,451.713
CZ01,Heating Tertiary,8046,426.343
CZ01,Heating Tertiary,8047,385.26300000000003
CZ01,Heating Tertiary,8048,337.236
CZ01,Heating Tertiary,8049,293.686
CZ01,Heating Tertiary,8050,259.676
CZ01,Heating Tertiary,8051,236.22400000000002
CZ01,Heating Tertiary,8052,218.622
CZ01,Heating Tertiary,8053,206.59
CZ01,Heating Tertiary,8054,200.995
CZ01,Heating Tertiary,8055,201.028
CZ01,Heating Tertiary,8056,203.217
CZ01,Heating Tertiary,8057,203.92700000000002
CZ01,Heating Tertiary,8058,204.88099999999997
CZ01,Heating Tertiary,8059,209.295
CZ01,Heating Tertiary,8060,222.838
CZ01,Heating Tertiary,8061,249.953
CZ01,Heating Tertiary,8062,290.533
CZ01,Heating Tertiary,8063,338.82599999999996
CZ01,Heating Tertiary,8064,384.978
CZ01,Heating Tertiary,8065,466.925
CZ01,Heating Tertiary,8066,491.14300000000003
CZ01,Heating Tertiary,8067,503.642
CZ01,Heating Tertiary,8068,508.96
CZ01,Heating Tertiary,8069,501.126
CZ01,Heating Tertiary,8070,472.98199999999997
CZ01,Heating Tertiary,8071,427.407
CZ01,Heating Tertiary,8072,374.12699999999995
CZ01,Heating Tertiary,8073,325.812
CZ01,Heating Tertiary,8074,288.082
CZ01,Heating Tertiary,8075,262.065
CZ01,Heating Tertiary,8076,242.537
CZ01,Heating Tertiary,8077,229.18900000000002
CZ01,Heating Tertiary,8078,222.982
CZ01,Heating Tertiary,8079,223.019
CZ01,Heating Tertiary,8080,225.446
CZ01,Heating Tertiary,8081,226.235
CZ01,Heating Tertiary,8082,227.293
CZ01,Heating Tertiary,8083,232.19
CZ01,Heating Tertiary,8084,247.215
CZ01,Heating Tertiary,8085,277.296
CZ01,Heating Tertiary,8086,322.315
CZ01,Heating Tertiary,8087,375.89099999999996
CZ01,Heating Tertiary,8088,427.091
CZ01,Heating Tertiary,8089,569.1469999999998
CZ01,Heating Tertiary,8090,584.947
CZ01,Heating Tertiary,8091,594.0790000000002
CZ01,Heating Tertiary,8092,587.445
CZ01,Heating Tertiary,8093,557.453
CZ01,Heating Tertiary,8094,507.166
CZ01,Heating Tertiary,8095,446.899
CZ01,Heating Tertiary,8096,388.154
CZ01,Heating Tertiary,8097,340.631
CZ01,Heating Tertiary,8098,306.697
CZ01,Heating Tertiary,8099,281.8590000000001
CZ01,Heating Tertiary,8100,263.986
CZ01,Heating Tertiary,8101,255.65900000000002
CZ01,Heating Tertiary,8102,256.298
CZ01,Heating Tertiary,8103,259.914
CZ01,Heating Tertiary,8104,261.183
CZ01,Heating Tertiary,8105,260.85200000000003
CZ01,Heating Tertiary,8106,263.473
CZ01,Heating Tertiary,8107,277.459
CZ01,Heating Tertiary,8108,311.932
CZ01,Heating Tertiary,8109,366.764
CZ01,Heating Tertiary,8110,434.472
CZ01,Heating Tertiary,8111,496.494
CZ01,Heating Tertiary,8112,542.694
CZ01,Heating Tertiary,8113,504.093
CZ01,Heating Tertiary,8114,517.491
CZ01,Heating Tertiary,8115,522.818
CZ01,Heating Tertiary,8116,514.813
CZ01,Heating Tertiary,8117,488.597
CZ01,Heating Tertiary,8118,445.68300000000005
CZ01,Heating Tertiary,8119,394.00800000000004
CZ01,Heating Tertiary,8120,344.786
CZ01,Heating Tertiary,8121,306.43
CZ01,Heating Tertiary,8122,280.128
CZ01,Heating Tertiary,8123,260.007
CZ01,Heating Tertiary,8124,244.13099999999997
CZ01,Heating Tertiary,8125,235.29
CZ01,Heating Tertiary,8126,231.257
CZ01,Heating Tertiary,8127,229.6
CZ01,Heating Tertiary,8128,226.607
CZ01,Heating Tertiary,8129,225.331
CZ01,Heating Tertiary,8130,228.72099999999998
CZ01,Heating Tertiary,8131,242.101
CZ01,Heating Tertiary,8132,270.847
CZ01,Heating Tertiary,8133,314.476
CZ01,Heating Tertiary,8134,369.639
CZ01,Heating Tertiary,8135,427.151
CZ01,Heating Tertiary,8136,474.37800000000004
CZ01,Heating Tertiary,8137,398.62300000000016
CZ01,Heating Tertiary,8138,419.29900000000004
CZ01,Heating Tertiary,8139,429.97
CZ01,Heating Tertiary,8140,434.51
CZ01,Heating Tertiary,8141,427.82199999999995
CZ01,Heating Tertiary,8142,403.79400000000004
CZ01,Heating Tertiary,8143,364.88599999999997
CZ01,Heating Tertiary,8144,319.4
CZ01,Heating Tertiary,8145,278.152
CZ01,Heating Tertiary,8146,245.942
CZ01,Heating Tertiary,8147,223.73
CZ01,Heating Tertiary,8148,207.05900000000003
CZ01,Heating Tertiary,8149,195.66299999999998
CZ01,Heating Tertiary,8150,190.364
CZ01,Heating Tertiary,8151,190.396
CZ01,Heating Tertiary,8152,192.46900000000002
CZ01,Heating Tertiary,8153,193.142
CZ01,Heating Tertiary,8154,194.045
CZ01,Heating Tertiary,8155,198.225
CZ01,Heating Tertiary,8156,211.05200000000002
CZ01,Heating Tertiary,8157,236.733
CZ01,Heating Tertiary,8158,275.16700000000003
CZ01,Heating Tertiary,8159,320.906
CZ01,Heating Tertiary,8160,364.61699999999996
CZ01,Heating Tertiary,8161,314.903
CZ01,Heating Tertiary,8162,331.236
CZ01,Heating Tertiary,8163,339.665
CZ01,Heating Tertiary,8164,343.2519999999999
CZ01,Heating Tertiary,8165,337.968
CZ01,Heating Tertiary,8166,318.987
CZ01,Heating Tertiary,8167,288.251
CZ01,Heating Tertiary,8168,252.31799999999998
CZ01,Heating Tertiary,8169,219.734
CZ01,Heating Tertiary,8170,194.28799999999998
CZ01,Heating Tertiary,8171,176.74200000000005
CZ01,Heating Tertiary,8172,163.572
CZ01,Heating Tertiary,8173,154.569
CZ01,Heating Tertiary,8174,150.38299999999995
CZ01,Heating Tertiary,8175,150.408
CZ01,Heating Tertiary,8176,152.045
CZ01,Heating Tertiary,8177,152.577
CZ01,Heating Tertiary,8178,153.291
CZ01,Heating Tertiary,8179,156.593
CZ01,Heating Tertiary,8180,166.726
CZ01,Heating Tertiary,8181,187.013
CZ01,Heating Tertiary,8182,217.375
CZ01,Heating Tertiary,8183,253.50799999999998
CZ01,Heating Tertiary,8184,288.039
CZ01,Heating Tertiary,8185,279.72
CZ01,Heating Tertiary,8186,294.2290000000001
CZ01,Heating Tertiary,8187,301.717
CZ01,Heating Tertiary,8188,304.903
CZ01,Heating Tertiary,8189,300.21
CZ01,Heating Tertiary,8190,283.349
CZ01,Heating Tertiary,8191,256.046
CZ01,Heating Tertiary,8192,224.128
CZ01,Heating Tertiary,8193,195.18400000000003
CZ01,Heating Tertiary,8194,172.581
CZ01,Heating Tertiary,8195,156.995
CZ01,Heating Tertiary,8196,145.297
CZ01,Heating Tertiary,8197,137.3
CZ01,Heating Tertiary,8198,133.582
CZ01,Heating Tertiary,8199,133.60399999999998
CZ01,Heating Tertiary,8200,135.058
CZ01,Heating Tertiary,8201,135.531
CZ01,Heating Tertiary,8202,136.164
CZ01,Heating Tertiary,8203,139.09799999999998
CZ01,Heating Tertiary,8204,148.099
CZ01,Heating Tertiary,8205,166.11900000000003
CZ01,Heating Tertiary,8206,193.08900000000003
CZ01,Heating Tertiary,8207,225.18400000000003
CZ01,Heating Tertiary,8208,255.858
CZ01,Heating Tertiary,8209,261.91200000000003
CZ01,Heating Tertiary,8210,275.497
CZ01,Heating Tertiary,8211,282.508
CZ01,Heating Tertiary,8212,285.491
CZ01,Heating Tertiary,8213,281.097
CZ01,Heating Tertiary,8214,265.31
CZ01,Heating Tertiary,8215,239.74599999999998
CZ01,Heating Tertiary,8216,209.859
CZ01,Heating Tertiary,8217,182.75799999999998
CZ01,Heating Tertiary,8218,161.594
CZ01,Heating Tertiary,8219,147.0
CZ01,Heating Tertiary,8220,136.046
CZ01,Heating Tertiary,8221,128.559
CZ01,Heating Tertiary,8222,125.07700000000001
CZ01,Heating Tertiary,8223,125.098
CZ01,Heating Tertiary,8224,126.46
CZ01,Heating Tertiary,8225,126.902
CZ01,Heating Tertiary,8226,127.49600000000001
CZ01,Heating Tertiary,8227,130.24200000000002
CZ01,Heating Tertiary,8228,138.67
CZ01,Heating Tertiary,8229,155.54399999999995
CZ01,Heating Tertiary,8230,180.796
CZ01,Heating Tertiary,8231,210.84799999999998
CZ01,Heating Tertiary,8232,239.56900000000002
CZ01,Heating Tertiary,8233,296.877
CZ01,Heating Tertiary,8234,312.276
CZ01,Heating Tertiary,8235,320.223
CZ01,Heating Tertiary,8236,323.6040000000001
CZ01,Heating Tertiary,8237,318.623
CZ01,Heating Tertiary,8238,300.7290000000001
CZ01,Heating Tertiary,8239,271.752
CZ01,Heating Tertiary,8240,237.875
CZ01,Heating Tertiary,8241,207.15599999999998
CZ01,Heating Tertiary,8242,183.167
CZ01,Heating Tertiary,8243,166.62400000000005
CZ01,Heating Tertiary,8244,154.209
CZ01,Heating Tertiary,8245,145.721
CZ01,Heating Tertiary,8246,141.775
CZ01,Heating Tertiary,8247,141.798
CZ01,Heating Tertiary,8248,143.342
CZ01,Heating Tertiary,8249,143.843
CZ01,Heating Tertiary,8250,144.516
CZ01,Heating Tertiary,8251,147.629
CZ01,Heating Tertiary,8252,157.18200000000004
CZ01,Heating Tertiary,8253,176.308
CZ01,Heating Tertiary,8254,204.93200000000002
CZ01,Heating Tertiary,8255,238.997
CZ01,Heating Tertiary,8256,271.551
CZ01,Heating Tertiary,8257,347.845
CZ01,Heating Tertiary,8258,357.50199999999984
CZ01,Heating Tertiary,8259,363.083
CZ01,Heating Tertiary,8260,359.027
CZ01,Heating Tertiary,8261,340.699
CZ01,Heating Tertiary,8262,309.964
CZ01,Heating Tertiary,8263,273.131
CZ01,Heating Tertiary,8264,237.22799999999998
CZ01,Heating Tertiary,8265,208.183
CZ01,Heating Tertiary,8266,187.44400000000002
CZ01,Heating Tertiary,8267,172.264
CZ01,Heating Tertiary,8268,161.34
CZ01,Heating Tertiary,8269,156.251
CZ01,Heating Tertiary,8270,156.642
CZ01,Heating Tertiary,8271,158.852
CZ01,Heating Tertiary,8272,159.627
CZ01,Heating Tertiary,8273,159.425
CZ01,Heating Tertiary,8274,161.02700000000004
CZ01,Heating Tertiary,8275,169.574
CZ01,Heating Tertiary,8276,190.643
CZ01,Heating Tertiary,8277,224.155
CZ01,Heating Tertiary,8278,265.536
CZ01,Heating Tertiary,8279,303.442
CZ01,Heating Tertiary,8280,331.67800000000005
CZ01,Heating Tertiary,8281,254.946
CZ01,Heating Tertiary,8282,261.723
CZ01,Heating Tertiary,8283,264.41700000000003
CZ01,Heating Tertiary,8284,260.368
CZ01,Heating Tertiary,8285,247.109
CZ01,Heating Tertiary,8286,225.405
CZ01,Heating Tertiary,8287,199.271
CZ01,Heating Tertiary,8288,174.377
CZ01,Heating Tertiary,8289,154.977
CZ01,Heating Tertiary,8290,141.67600000000004
CZ01,Heating Tertiary,8291,131.499
CZ01,Heating Tertiary,8292,123.47
CZ01,Heating Tertiary,8293,118.999
CZ01,Heating Tertiary,8294,116.959
CZ01,Heating Tertiary,8295,116.12100000000001
CZ01,Heating Tertiary,8296,114.60700000000001
CZ01,Heating Tertiary,8297,113.962
CZ01,Heating Tertiary,8298,115.676
CZ01,Heating Tertiary,8299,122.444
CZ01,Heating Tertiary,8300,136.981
CZ01,Heating Tertiary,8301,159.047
CZ01,Heating Tertiary,8302,186.946
CZ01,Heating Tertiary,8303,216.033
CZ01,Heating Tertiary,8304,239.918
CZ01,Heating Tertiary,8305,261.91200000000003
CZ01,Heating Tertiary,8306,275.497
CZ01,Heating Tertiary,8307,282.508
CZ01,Heating Tertiary,8308,285.491
CZ01,Heating Tertiary,8309,281.097
CZ01,Heating Tertiary,8310,265.31
CZ01,Heating Tertiary,8311,239.74599999999998
CZ01,Heating Tertiary,8312,209.859
CZ01,Heating Tertiary,8313,182.75799999999998
CZ01,Heating Tertiary,8314,161.594
CZ01,Heating Tertiary,8315,147.0
CZ01,Heating Tertiary,8316,136.046
CZ01,Heating Tertiary,8317,128.559
CZ01,Heating Tertiary,8318,125.07700000000001
CZ01,Heating Tertiary,8319,125.098
CZ01,Heating Tertiary,8320,126.46
CZ01,Heating Tertiary,8321,126.902
CZ01,Heating Tertiary,8322,127.49600000000001
CZ01,Heating Tertiary,8323,130.24200000000002
CZ01,Heating Tertiary,8324,138.67
CZ01,Heating Tertiary,8325,155.54399999999995
CZ01,Heating Tertiary,8326,180.796
CZ01,Heating Tertiary,8327,210.84799999999998
CZ01,Heating Tertiary,8328,239.56900000000002
CZ01,Heating Tertiary,8329,377.014
CZ01,Heating Tertiary,8330,396.57
CZ01,Heating Tertiary,8331,406.662
CZ01,Heating Tertiary,8332,410.955
CZ01,Heating Tertiary,8333,404.63
CZ01,Heating Tertiary,8334,381.905
CZ01,Heating Tertiary,8335,345.106
CZ01,Heating Tertiary,8336,302.086
CZ01,Heating Tertiary,8337,263.074
CZ01,Heating Tertiary,8338,232.61
CZ01,Heating Tertiary,8339,211.602
CZ01,Heating Tertiary,8340,195.835
CZ01,Heating Tertiary,8341,185.05700000000002
CZ01,Heating Tertiary,8342,180.045
CZ01,Heating Tertiary,8343,180.075
CZ01,Heating Tertiary,8344,182.035
CZ01,Heating Tertiary,8345,182.672
CZ01,Heating Tertiary,8346,183.52599999999998
CZ01,Heating Tertiary,8347,187.48
CZ01,Heating Tertiary,8348,199.611
CZ01,Heating Tertiary,8349,223.9
CZ01,Heating Tertiary,8350,260.251
CZ01,Heating Tertiary,8351,303.509
CZ01,Heating Tertiary,8352,344.851
CZ01,Heating Tertiary,8353,355.84
CZ01,Heating Tertiary,8354,374.29699999999997
CZ01,Heating Tertiary,8355,383.82199999999995
CZ01,Heating Tertiary,8356,387.875
CZ01,Heating Tertiary,8357,381.905
CZ01,Heating Tertiary,8358,360.45599999999996
CZ01,Heating Tertiary,8359,325.724
CZ01,Heating Tertiary,8360,285.119
CZ01,Heating Tertiary,8361,248.299
CZ01,Heating Tertiary,8362,219.545
CZ01,Heating Tertiary,8363,199.718
CZ01,Heating Tertiary,8364,184.83599999999998
CZ01,Heating Tertiary,8365,174.66299999999995
CZ01,Heating Tertiary,8366,169.933
CZ01,Heating Tertiary,8367,169.96099999999996
CZ01,Heating Tertiary,8368,171.81099999999995
CZ01,Heating Tertiary,8369,172.412
CZ01,Heating Tertiary,8370,173.21900000000005
CZ01,Heating Tertiary,8371,176.95
CZ01,Heating Tertiary,8372,188.4
CZ01,Heating Tertiary,8373,211.325
CZ01,Heating Tertiary,8374,245.63400000000001
CZ01,Heating Tertiary,8375,286.464
CZ01,Heating Tertiary,8376,325.483
CZ01,Heating Tertiary,8377,443.579
CZ01,Heating Tertiary,8378,466.586
CZ01,Heating Tertiary,8379,478.46
CZ01,Heating Tertiary,8380,483.51199999999994
CZ01,Heating Tertiary,8381,476.07
CZ01,Heating Tertiary,8382,449.333
CZ01,Heating Tertiary,8383,406.037
CZ01,Heating Tertiary,8384,355.421
CZ01,Heating Tertiary,8385,309.52099999999996
CZ01,Heating Tertiary,8386,273.678
CZ01,Heating Tertiary,8387,248.96099999999998
CZ01,Heating Tertiary,8388,230.41
CZ01,Heating Tertiary,8389,217.729
CZ01,Heating Tertiary,8390,211.833
CZ01,Heating Tertiary,8391,211.868
CZ01,Heating Tertiary,8392,214.174
CZ01,Heating Tertiary,8393,214.923
CZ01,Heating Tertiary,8394,215.928
CZ01,Heating Tertiary,8395,220.581
CZ01,Heating Tertiary,8396,234.854
CZ01,Heating Tertiary,8397,263.431
CZ01,Heating Tertiary,8398,306.2
CZ01,Heating Tertiary,8399,357.096
CZ01,Heating Tertiary,8400,405.73699999999997
CZ01,Heating Tertiary,8401,443.579
CZ01,Heating Tertiary,8402,466.586
CZ01,Heating Tertiary,8403,478.46
CZ01,Heating Tertiary,8404,483.51199999999994
CZ01,Heating Tertiary,8405,476.07
CZ01,Heating Tertiary,8406,449.333
CZ01,Heating Tertiary,8407,406.037
CZ01,Heating Tertiary,8408,355.421
CZ01,Heating Tertiary,8409,309.52099999999996
CZ01,Heating Tertiary,8410,273.678
CZ01,Heating Tertiary,8411,248.96099999999998
CZ01,Heating Tertiary,8412,230.41
CZ01,Heating Tertiary,8413,217.729
CZ01,Heating Tertiary,8414,211.833
CZ01,Heating Tertiary,8415,211.868
CZ01,Heating Tertiary,8416,214.174
CZ01,Heating Tertiary,8417,214.923
CZ01,Heating Tertiary,8418,215.928
CZ01,Heating Tertiary,8419,220.581
CZ01,Heating Tertiary,8420,234.854
CZ01,Heating Tertiary,8421,263.431
CZ01,Heating Tertiary,8422,306.2
CZ01,Heating Tertiary,8423,357.096
CZ01,Heating Tertiary,8424,405.73699999999997
CZ01,Heating Tertiary,8425,440.325
CZ01,Heating Tertiary,8426,452.548
CZ01,Heating Tertiary,8427,459.61300000000006
CZ01,Heating Tertiary,8428,454.47900000000004
CZ01,Heating Tertiary,8429,431.278
CZ01,Heating Tertiary,8430,392.37199999999996
CZ01,Heating Tertiary,8431,345.746
CZ01,Heating Tertiary,8432,300.298
CZ01,Heating Tertiary,8433,263.531
CZ01,Heating Tertiary,8434,237.278
CZ01,Heating Tertiary,8435,218.062
CZ01,Heating Tertiary,8436,204.234
CZ01,Heating Tertiary,8437,197.792
CZ01,Heating Tertiary,8438,198.28599999999997
CZ01,Heating Tertiary,8439,201.084
CZ01,Heating Tertiary,8440,202.06599999999997
CZ01,Heating Tertiary,8441,201.81
CZ01,Heating Tertiary,8442,203.83700000000002
CZ01,Heating Tertiary,8443,214.658
CZ01,Heating Tertiary,8444,241.328
CZ01,Heating Tertiary,8445,283.749
CZ01,Heating Tertiary,8446,336.13199999999995
CZ01,Heating Tertiary,8447,384.116
CZ01,Heating Tertiary,8448,419.85900000000004
CZ01,Heating Tertiary,8449,504.093
CZ01,Heating Tertiary,8450,517.491
CZ01,Heating Tertiary,8451,522.818
CZ01,Heating Tertiary,8452,514.813
CZ01,Heating Tertiary,8453,488.597
CZ01,Heating Tertiary,8454,445.68300000000005
CZ01,Heating Tertiary,8455,394.00800000000004
CZ01,Heating Tertiary,8456,344.786
CZ01,Heating Tertiary,8457,306.43
CZ01,Heating Tertiary,8458,280.128
CZ01,Heating Tertiary,8459,260.007
CZ01,Heating Tertiary,8460,244.13099999999997
CZ01,Heating Tertiary,8461,235.29
CZ01,Heating Tertiary,8462,231.257
CZ01,Heating Tertiary,8463,229.6
CZ01,Heating Tertiary,8464,226.607
CZ01,Heating Tertiary,8465,225.331
CZ01,Heating Tertiary,8466,228.72099999999998
CZ01,Heating Tertiary,8467,242.101
CZ01,Heating Tertiary,8468,270.847
CZ01,Heating Tertiary,8469,314.476
CZ01,Heating Tertiary,8470,369.639
CZ01,Heating Tertiary,8471,427.151
CZ01,Heating Tertiary,8472,474.37800000000004
CZ01,Heating Tertiary,8473,377.014
CZ01,Heating Tertiary,8474,396.57
CZ01,Heating Tertiary,8475,406.662
CZ01,Heating Tertiary,8476,410.955
CZ01,Heating Tertiary,8477,404.63
CZ01,Heating Tertiary,8478,381.905
CZ01,Heating Tertiary,8479,345.106
CZ01,Heating Tertiary,8480,302.086
CZ01,Heating Tertiary,8481,263.074
CZ01,Heating Tertiary,8482,232.61
CZ01,Heating Tertiary,8483,211.602
CZ01,Heating Tertiary,8484,195.835
CZ01,Heating Tertiary,8485,185.05700000000002
CZ01,Heating Tertiary,8486,180.045
CZ01,Heating Tertiary,8487,180.075
CZ01,Heating Tertiary,8488,182.035
CZ01,Heating Tertiary,8489,182.672
CZ01,Heating Tertiary,8490,183.52599999999998
CZ01,Heating Tertiary,8491,187.48
CZ01,Heating Tertiary,8492,199.611
CZ01,Heating Tertiary,8493,223.9
CZ01,Heating Tertiary,8494,260.251
CZ01,Heating Tertiary,8495,303.509
CZ01,Heating Tertiary,8496,344.851
CZ01,Heating Tertiary,8497,279.72
CZ01,Heating Tertiary,8498,294.2290000000001
CZ01,Heating Tertiary,8499,301.717
CZ01,Heating Tertiary,8500,304.903
CZ01,Heating Tertiary,8501,300.21
CZ01,Heating Tertiary,8502,283.349
CZ01,Heating Tertiary,8503,256.046
CZ01,Heating Tertiary,8504,224.128
CZ01,Heating Tertiary,8505,195.18400000000003
CZ01,Heating Tertiary,8506,172.581
CZ01,Heating Tertiary,8507,156.995
CZ01,Heating Tertiary,8508,145.297
CZ01,Heating Tertiary,8509,137.3
CZ01,Heating Tertiary,8510,133.582
CZ01,Heating Tertiary,8511,133.60399999999998
CZ01,Heating Tertiary,8512,135.058
CZ01,Heating Tertiary,8513,135.531
CZ01,Heating Tertiary,8514,136.164
CZ01,Heating Tertiary,8515,139.09799999999998
CZ01,Heating Tertiary,8516,148.099
CZ01,Heating Tertiary,8517,166.11900000000003
CZ01,Heating Tertiary,8518,193.08900000000003
CZ01,Heating Tertiary,8519,225.18400000000003
CZ01,Heating Tertiary,8520,255.858
CZ01,Heating Tertiary,8521,261.91200000000003
CZ01,Heating Tertiary,8522,275.497
CZ01,Heating Tertiary,8523,282.508
CZ01,Heating Tertiary,8524,285.491
CZ01,Heating Tertiary,8525,281.097
CZ01,Heating Tertiary,8526,265.31
CZ01,Heating Tertiary,8527,239.74599999999998
CZ01,Heating Tertiary,8528,209.859
CZ01,Heating Tertiary,8529,182.75799999999998
CZ01,Heating Tertiary,8530,161.594
CZ01,Heating Tertiary,8531,147.0
CZ01,Heating Tertiary,8532,136.046
CZ01,Heating Tertiary,8533,128.559
CZ01,Heating Tertiary,8534,125.07700000000001
CZ01,Heating Tertiary,8535,125.098
CZ01,Heating Tertiary,8536,126.46
CZ01,Heating Tertiary,8537,126.902
CZ01,Heating Tertiary,8538,127.49600000000001
CZ01,Heating Tertiary,8539,130.24200000000002
CZ01,Heating Tertiary,8540,138.67
CZ01,Heating Tertiary,8541,155.54399999999995
CZ01,Heating Tertiary,8542,180.796
CZ01,Heating Tertiary,8543,210.84799999999998
CZ01,Heating Tertiary,8544,239.56900000000002
CZ01,Heating Tertiary,8545,279.72
CZ01,Heating Tertiary,8546,294.2290000000001
CZ01,Heating Tertiary,8547,301.717
CZ01,Heating Tertiary,8548,304.903
CZ01,Heating Tertiary,8549,300.21
CZ01,Heating Tertiary,8550,283.349
CZ01,Heating Tertiary,8551,256.046
CZ01,Heating Tertiary,8552,224.128
CZ01,Heating Tertiary,8553,195.18400000000003
CZ01,Heating Tertiary,8554,172.581
CZ01,Heating Tertiary,8555,156.995
CZ01,Heating Tertiary,8556,145.297
CZ01,Heating Tertiary,8557,137.3
CZ01,Heating Tertiary,8558,133.582
CZ01,Heating Tertiary,8559,133.60399999999998
CZ01,Heating Tertiary,8560,135.058
CZ01,Heating Tertiary,8561,135.531
CZ01,Heating Tertiary,8562,136.164
CZ01,Heating Tertiary,8563,139.09799999999998
CZ01,Heating Tertiary,8564,148.099
CZ01,Heating Tertiary,8565,166.11900000000003
CZ01,Heating Tertiary,8566,193.08900000000003
CZ01,Heating Tertiary,8567,225.18400000000003
CZ01,Heating Tertiary,8568,255.858
CZ01,Heating Tertiary,8569,297.643
CZ01,Heating Tertiary,8570,305.5540000000001
CZ01,Heating Tertiary,8571,308.7
CZ01,Heating Tertiary,8572,303.973
CZ01,Heating Tertiary,8573,288.493
CZ01,Heating Tertiary,8574,263.155
CZ01,Heating Tertiary,8575,232.643
CZ01,Heating Tertiary,8576,203.58
CZ01,Heating Tertiary,8577,180.93200000000002
CZ01,Heating Tertiary,8578,165.403
CZ01,Heating Tertiary,8579,153.52200000000005
CZ01,Heating Tertiary,8580,144.148
CZ01,Heating Tertiary,8581,138.928
CZ01,Heating Tertiary,8582,136.546
CZ01,Heating Tertiary,8583,135.56799999999998
CZ01,Heating Tertiary,8584,133.80100000000002
CZ01,Heating Tertiary,8585,133.047
CZ01,Heating Tertiary,8586,135.049
CZ01,Heating Tertiary,8587,142.95
CZ01,Heating Tertiary,8588,159.922
CZ01,Heating Tertiary,8589,185.683
CZ01,Heating Tertiary,8590,218.25400000000002
CZ01,Heating Tertiary,8591,252.213
CZ01,Heating Tertiary,8592,280.098
CZ01,Heating Tertiary,8593,317.881
CZ01,Heating Tertiary,8594,326.33
CZ01,Heating Tertiary,8595,329.689
CZ01,Heating Tertiary,8596,324.64099999999996
CZ01,Heating Tertiary,8597,308.1090000000001
CZ01,Heating Tertiary,8598,281.048
CZ01,Heating Tertiary,8599,248.46099999999998
CZ01,Heating Tertiary,8600,217.422
CZ01,Heating Tertiary,8601,193.234
CZ01,Heating Tertiary,8602,176.648
CZ01,Heating Tertiary,8603,163.96099999999996
CZ01,Heating Tertiary,8604,153.95
CZ01,Heating Tertiary,8605,148.374
CZ01,Heating Tertiary,8606,145.83100000000005
CZ01,Heating Tertiary,8607,144.786
CZ01,Heating Tertiary,8608,142.898
CZ01,Heating Tertiary,8609,142.094
CZ01,Heating Tertiary,8610,144.232
CZ01,Heating Tertiary,8611,152.66899999999995
CZ01,Heating Tertiary,8612,170.796
CZ01,Heating Tertiary,8613,198.30900000000003
CZ01,Heating Tertiary,8614,233.09400000000002
CZ01,Heating Tertiary,8615,269.362
CZ01,Heating Tertiary,8616,299.143
CZ01,Heating Tertiary,8617,428.44800000000004
CZ01,Heating Tertiary,8618,439.836
CZ01,Heating Tertiary,8619,444.36400000000003
CZ01,Heating Tertiary,8620,437.56
CZ01,Heating Tertiary,8621,415.277
CZ01,Heating Tertiary,8622,378.80400000000003
CZ01,Heating Tertiary,8623,334.8830000000001
CZ01,Heating Tertiary,8624,293.047
CZ01,Heating Tertiary,8625,260.447
CZ01,Heating Tertiary,8626,238.09099999999998
CZ01,Heating Tertiary,8627,220.99
CZ01,Heating Tertiary,8628,207.497
CZ01,Heating Tertiary,8629,199.982
CZ01,Heating Tertiary,8630,196.554
CZ01,Heating Tertiary,8631,195.146
CZ01,Heating Tertiary,8632,192.60299999999998
CZ01,Heating Tertiary,8633,191.517
CZ01,Heating Tertiary,8634,194.398
CZ01,Heating Tertiary,8635,205.771
CZ01,Heating Tertiary,8636,230.204
CZ01,Heating Tertiary,8637,267.286
CZ01,Heating Tertiary,8638,314.171
CZ01,Heating Tertiary,8639,363.05300000000005
CZ01,Heating Tertiary,8640,403.19199999999995
CZ01,Heating Tertiary,8641,420.88300000000004
CZ01,Heating Tertiary,8642,442.714
CZ01,Heating Tertiary,8643,453.98
CZ01,Heating Tertiary,8644,458.774
CZ01,Heating Tertiary,8645,451.713
CZ01,Heating Tertiary,8646,426.343
CZ01,Heating Tertiary,8647,385.26300000000003
CZ01,Heating Tertiary,8648,337.236
CZ01,Heating Tertiary,8649,293.686
CZ01,Heating Tertiary,8650,259.676
CZ01,Heating Tertiary,8651,236.22400000000002
CZ01,Heating Tertiary,8652,218.622
CZ01,Heating Tertiary,8653,206.59
CZ01,Heating Tertiary,8654,200.995
CZ01,Heating Tertiary,8655,201.028
CZ01,Heating Tertiary,8656,203.217
CZ01,Heating Tertiary,8657,203.92700000000002
CZ01,Heating Tertiary,8658,204.88099999999997
CZ01,Heating Tertiary,8659,209.295
CZ01,Heating Tertiary,8660,222.838
CZ01,Heating Tertiary,8661,249.953
CZ01,Heating Tertiary,8662,290.533
CZ01,Heating Tertiary,8663,338.82599999999996
CZ01,Heating Tertiary,8664,384.978
CZ01,Heating Tertiary,8665,355.84
CZ01,Heating Tertiary,8666,374.29699999999997
CZ01,Heating Tertiary,8667,383.82199999999995
CZ01,Heating Tertiary,8668,387.875
CZ01,Heating Tertiary,8669,381.905
CZ01,Heating Tertiary,8670,360.45599999999996
CZ01,Heating Tertiary,8671,325.724
CZ01,Heating Tertiary,8672,285.119
CZ01,Heating Tertiary,8673,248.299
CZ01,Heating Tertiary,8674,219.545
CZ01,Heating Tertiary,8675,199.718
CZ01,Heating Tertiary,8676,184.83599999999998
CZ01,Heating Tertiary,8677,174.66299999999995
CZ01,Heating Tertiary,8678,169.933
CZ01,Heating Tertiary,8679,169.96099999999996
CZ01,Heating Tertiary,8680,171.81099999999995
CZ01,Heating Tertiary,8681,172.412
CZ01,Heating Tertiary,8682,173.21900000000005
CZ01,Heating Tertiary,8683,176.95
CZ01,Heating Tertiary,8684,188.4
CZ01,Heating Tertiary,8685,211.325
CZ01,Heating Tertiary,8686,245.63400000000001
CZ01,Heating Tertiary,8687,286.464
CZ01,Heating Tertiary,8688,325.483
CZ01,Heating Tertiary,8689,377.014
CZ01,Heating Tertiary,8690,396.57
CZ01,Heating Tertiary,8691,406.662
CZ01,Heating Tertiary,8692,410.955
CZ01,Heating Tertiary,8693,404.63
CZ01,Heating Tertiary,8694,381.905
CZ01,Heating Tertiary,8695,345.106
CZ01,Heating Tertiary,8696,302.086
CZ01,Heating Tertiary,8697,263.074
CZ01,Heating Tertiary,8698,232.61
CZ01,Heating Tertiary,8699,211.602
CZ01,Heating Tertiary,8700,195.835
CZ01,Heating Tertiary,8701,185.05700000000002
CZ01,Heating Tertiary,8702,180.045
CZ01,Heating Tertiary,8703,180.075
CZ01,Heating Tertiary,8704,182.035
CZ01,Heating Tertiary,8705,182.672
CZ01,Heating Tertiary,8706,183.52599999999998
CZ01,Heating Tertiary,8707,187.48
CZ01,Heating Tertiary,8708,199.611
CZ01,Heating Tertiary,8709,223.9
CZ01,Heating Tertiary,8710,260.251
CZ01,Heating Tertiary,8711,303.509
CZ01,Heating Tertiary,8712,344.851
CZ01,Heating Tertiary,8713,443.579
CZ01,Heating Tertiary,8714,466.586
CZ01,Heating Tertiary,8715,478.46
CZ01,Heating Tertiary,8716,483.51199999999994
CZ01,Heating Tertiary,8717,476.07
CZ01,Heating Tertiary,8718,449.333
CZ01,Heating Tertiary,8719,406.037
CZ01,Heating Tertiary,8720,355.421
CZ01,Heating Tertiary,8721,309.52099999999996
CZ01,Heating Tertiary,8722,273.678
CZ01,Heating Tertiary,8723,248.96099999999998
CZ01,Heating Tertiary,8724,230.41
CZ01,Heating Tertiary,8725,217.729
CZ01,Heating Tertiary,8726,211.833
CZ01,Heating Tertiary,8727,211.868
CZ01,Heating Tertiary,8728,214.174
CZ01,Heating Tertiary,8729,214.923
CZ01,Heating Tertiary,8730,215.928
CZ01,Heating Tertiary,8731,220.581
CZ01,Heating Tertiary,8732,234.854
CZ01,Heating Tertiary,8733,263.431
CZ01,Heating Tertiary,8734,306.2
CZ01,Heating Tertiary,8735,357.096
CZ01,Heating Tertiary,8736,405.73699999999997
CZ01,Heating Tertiary,8737,515.246
CZ01,Heating Tertiary,8738,541.97
CZ01,Heating Tertiary,8739,555.763
CZ01,Heating Tertiary,8740,561.631
CZ01,Heating Tertiary,8741,552.986
CZ01,Heating Tertiary,8742,521.93
CZ01,Heating Tertiary,8743,471.639
CZ01,Heating Tertiary,8744,412.845
CZ01,Heating Tertiary,8745,359.529
CZ01,Heating Tertiary,8746,317.895
CZ01,Heating Tertiary,8747,289.185
CZ01,Heating Tertiary,8748,267.637
CZ01,Heating Tertiary,8749,252.907
CZ01,Heating Tertiary,8750,246.058
CZ01,Heating Tertiary,8751,246.09799999999998
CZ01,Heating Tertiary,8752,248.77700000000002
CZ01,Heating Tertiary,8753,249.648
CZ01,Heating Tertiary,8754,250.815
CZ01,Heating Tertiary,8755,256.219
CZ01,Heating Tertiary,8756,272.798
CZ01,Heating Tertiary,8757,305.992
CZ01,Heating Tertiary,8758,355.671
CZ01,Heating Tertiary,8759,414.791
CZ01,Heating Tertiary,8760,471.29
